0.000000000000000000e+00
0.000000000000000000e+00
0.000000000000000000e+00
0.000000000000000000e+00
0.000000000000000000e+00
0.000000000000000000e+00
0.000000000000000000e+00
0.000000000000000000e+00
0.000000000000000000e+00
0.000000000000000000e+00
0.000000000000000000e+00
0.000000000000000000e+00
0.000000000000000000e+00
0.000000000000000000e+00
0.000000000000000000e+00
0.000000000000000000e+00
0.000000000000000000e+00
0.000000000000000000e+00
0.000000000000000000e+00
0.000000000000000000e+00
0.000000000000000000e+00
0.000000000000000000e+00
0.000000000000000000e+00
0.000000000000000000e+00
0.000000000000000000e+00
0.000000000000000000e+00
0.000000000000000000e+00
0.000000000000000000e+00
0.000000000000000000e+00
4.558724164962768555e-02
3.622409701347351074e-02
8.221891522407531738e-02
1.681803166866302490e-01
2.679920196533203125e-01
3.600544333457946777e-01
4.537345468997955322e-01
5.242339968681335449e-01
5.907167196273803711e-01
6.191530227661132812e-01
6.669922471046447754e-01
7.096366286277770996e-01
7.467553615570068359e-01
7.703169584274291992e-01
7.583643198013305664e-01
7.257160544395446777e-01
6.652087569236755371e-01
6.124809980392456055e-01
5.645852684974670410e-01
5.296128988265991211e-01
5.086074471473693848e-01
4.963465034961700439e-01
4.919874966144561768e-01
4.911553561687469482e-01
4.899609088897705078e-01
4.837976098060607910e-01
4.705571234226226807e-01
4.524652659893035889e-01
4.310190975666046143e-01
4.119277894496917725e-01
3.964805901050567627e-01
3.865113258361816406e-01
3.808885812759399414e-01
3.767361342906951904e-01
3.732446134090423584e-01
3.712686896324157715e-01
3.715649843215942383e-01
3.737404942512512207e-01
3.782337009906768799e-01
3.816874325275421143e-01
3.842265605926513672e-01
3.827143311500549316e-01
3.761958479881286621e-01
3.666974902153015137e-01
3.557725846767425537e-01
3.466606140136718750e-01
3.394333422183990479e-01
3.349905014038085938e-01
3.308645784854888916e-01
3.264754116535186768e-01
3.219617605209350586e-01
3.194761574268341064e-01
3.216916024684906006e-01
3.286210298538208008e-01
3.369359672069549561e-01
3.431498110294342041e-01
3.468691408634185791e-01
3.514197468757629395e-01
3.595410585403442383e-01
3.730208575725555420e-01
3.892473280429840088e-01
4.042573571205139160e-01
4.255035221576690674e-01
4.991402029991149902e-01
6.792067885398864746e-01
8.550942540168762207e-01
9.403738379478454590e-01
9.730654954910278320e-01
9.859903454780578613e-01
9.916911125183105469e-01
9.945118427276611328e-01
