226
132
20
271
249
63
106
97
295
10
74
267
300
67
261
135
258
29
59
50
285
269
342
54
336
294
115
119
53
62
101
32
280
272
52
99
341
31
51
305
19
39
211
7
321
227
28
254
248
203
223
204
330
308
339
76
64
44
315
207
41
286
112
161
57
178
313
126
192
246
274
262
252
75
127
287
3
144
79
335
70
172
42
22
251
83
282
215
13
4
188
235
141
26
293
306
310
116
334
174
169
48
38
37
326
291
21
71
304
349
24
156
320
297
148
253
181
224
263
296
303
60
292
86
5
17
250
128
120
288
1
196
222
58
171
117
49
214
66
329
81
123
94
87
151
328
346
168
268
108
82
237
260
199
225
324
46
18
40
36
114
113
23
111
72
110
109
35
9
107
73
43
25
47
56
55
121
122
16
11
124
125
15
2
130
129
118
105
104
65
84
85
6
80
88
89
8
90
91
92
93
30
95
96
103
12
14
98
78
69
77
100
27
33
45
61
34
102
68
350
131
283
279
278
277
276
275
273
270
266
265
264
259
257
256
255
247
245
244
243
242
241
240
239
238
236
234
233
232
231
230
281
284
133
289
348
347
345
344
343
340
338
337
333
332
331
327
325
323
322
319
318
317
316
314
312
311
309
307
302
301
299
298
290
229
228
221
220
173
170
167
166
165
164
163
162
160
159
158
157
155
154
153
152
150
149
147
146
145
143
142
140
139
138
137
136
134
176
177
179
200
219
218
217
216
213
212
210
209
208
206
205
202
201
198
180
197
195
194
193
191
190
189
187
186
185
184
183
182
175