7.217588424682617188e-01
7.403985261917114258e-01
7.571634650230407715e-01
7.721044421195983887e-01
7.852950096130371094e-01
7.885044217109680176e-01
7.909410595893859863e-01
7.158949971199035645e-01
7.813186049461364746e-01
7.857992053031921387e-01
7.830248475074768066e-01
7.742769718170166016e-01
7.846177816390991211e-01
5.594238638877868652e-01
5.868363380432128906e-01
6.112155318260192871e-01
6.320806145668029785e-01
6.490262150764465332e-01
6.281952261924743652e-01
6.067285537719726562e-01
5.846934914588928223e-01
5.621693730354309082e-01
5.729922652244567871e-01
5.799484848976135254e-01
5.837913751602172852e-01
5.851850509643554688e-01
7.806383967399597168e-01
6.085422635078430176e-01
6.122475266456604004e-01
6.153210401535034180e-01
6.176997423171997070e-01
6.348907947540283203e-01
6.488777995109558105e-01
6.593749523162841797e-01
6.661472320556640625e-01
6.471629738807678223e-01
6.275821924209594727e-01
6.074512004852294922e-01
5.868265032768249512e-01
6.029028296470642090e-01
6.153711080551147461e-01
6.247249245643615723e-01
6.314501762390136719e-01
6.441122293472290039e-01
7.660735249519348145e-01
6.740905046463012695e-01
6.503920555114746094e-01
6.547315716743469238e-01
6.584548950195312500e-01
6.615241765975952148e-01
6.639042496681213379e-01
6.708716154098510742e-01
6.747710704803466797e-01
6.754219532012939453e-01
6.726789474487304688e-01
6.549443006515502930e-01
6.366838812828063965e-01
6.179348826408386230e-01
5.987405180931091309e-01
6.185670495033264160e-01
6.354932188987731934e-01
6.497397422790527344e-01
6.615655422210693359e-01
6.618087291717529297e-01
6.595054864883422852e-01
7.393817305564880371e-01
7.487664818763732910e-01
7.572985887527465820e-01
7.650229334831237793e-01
7.719838023185729980e-01
7.371885776519775391e-01
7.242729663848876953e-01
7.108415365219116211e-01
6.968985199928283691e-01
6.824522018432617188e-01
6.867139935493469238e-01
6.904048323631286621e-01
6.935141086578369141e-01
6.960317492485046387e-01
6.934803724288940430e-01
6.881029605865478516e-01
6.797756552696228027e-01
6.684122085571289062e-01
6.512109041213989258e-01
6.335577368736267090e-01
6.154902577400207520e-01
5.970473885536193848e-01
6.182153224945068359e-01
6.374765038490295410e-01
6.548594832420349121e-01
6.704342365264892578e-01
6.634500622749328613e-01
6.354897618293762207e-01
6.151693463325500488e-01
7.635800838470458984e-01
7.677346467971801758e-01
7.717095017433166504e-01
7.355076670646667480e-01
7.210646867752075195e-01
7.154996395111083984e-01
7.097559571266174316e-01
7.038307785987854004e-01
6.977220177650451660e-01
7.023373842239379883e-01
7.065028548240661621e-01
7.102257609367370605e-01
7.135129570960998535e-01
7.025017738342285156e-01
6.888934969902038574e-01
6.726166009902954102e-01
6.536486744880676270e-01
6.362618207931518555e-01
6.184906959533691406e-01
6.003749966621398926e-01
5.819583535194396973e-01
6.014068126678466797e-01
6.199308037757873535e-01
6.374925374984741211e-01
6.540715098381042480e-01
6.441724300384521484e-01
6.271557807922363281e-01
6.028342247009277344e-01
5.714128613471984863e-01
5.844290256500244141e-01
5.936143994331359863e-01
5.996757149696350098e-01
6.032480597496032715e-01
7.601130008697509766e-01
7.556381225585937500e-01
7.388781905174255371e-01
7.208713889122009277e-01
7.015795707702636719e-01
6.809794306755065918e-01
6.768954396247863770e-01
6.725946664810180664e-01
6.680727005004882812e-01
6.633255481719970703e-01
6.688224077224731445e-01
6.738298535346984863e-01
6.783609390258789062e-01
6.824266314506530762e-01
6.706392765045166016e-01
6.577352285385131836e-01
6.437082290649414062e-01
6.285635232925415039e-01
6.178607344627380371e-01
6.070317029953002930e-01
5.960861444473266602e-01
5.850329399108886719e-01
6.073947548866271973e-01
6.288989186286926270e-01
6.494858264923095703e-01
6.691148281097412109e-01
6.575295925140380859e-01
6.425350308418273926e-01
6.239449977874755859e-01
6.016697287559509277e-01
6.188507080078125000e-01
6.312731504440307617e-01
6.396659016609191895e-01
6.447409987449645996e-01
6.512944698333740234e-01
6.576385498046875000e-01
6.616302132606506348e-01
6.321185827255249023e-01
6.302043199539184570e-01
6.280065774917602539e-01
6.255199313163757324e-01
6.227388978004455566e-01
6.291497349739074707e-01
6.350551843643188477e-01
6.404701471328735352e-01
6.454112529754638672e-01
6.350702047348022461e-01
6.244853138923645020e-01
6.136624217033386230e-01
6.026081442832946777e-01
5.989909172058105469e-01
5.953595042228698730e-01
5.917135477066040039e-01
5.880537629127502441e-01
6.133401393890380859e-01
6.377694606781005859e-01
6.612491011619567871e-01
6.837063431739807129e-01
6.693194508552551270e-01
6.536936759948730469e-01
6.367791891098022461e-01
6.185413002967834473e-01
6.408405900001525879e-01
6.576670408248901367e-01
6.696467399597167969e-01
6.774774789810180664e-01
6.661961674690246582e-01
6.526812314987182617e-01
6.371489763259887695e-01
6.154792308807373047e-01
5.744987130165100098e-01
5.753979682922363281e-01
5.759319067001342773e-01
5.760906338691711426e-01
5.758655667304992676e-01
5.832268595695495605e-01
5.900941491127014160e-01
5.964837670326232910e-01
6.024158596992492676e-01
5.959329605102539062e-01
5.893529653549194336e-01
5.826770663261413574e-01
5.759049654006958008e-01
5.796990394592285156e-01
5.834843516349792480e-01
5.872583389282226562e-01
5.910224914550781250e-01
6.192423105239868164e-01
6.465393900871276855e-01
6.727740168571472168e-01
6.978367567062377930e-01
6.796255111694335938e-01
6.608297824859619141e-01
6.414911150932312012e-01
6.216589212417602539e-01
6.494902372360229492e-01
6.715067625045776367e-01
6.881058812141418457e-01
6.998512744903564453e-01
6.774193048477172852e-01
6.470364928245544434e-01
6.096193194389343262e-01
5.664078593254089355e-01
5.693098306655883789e-01
6.117450594902038574e-01
5.634695887565612793e-01
5.093424320220947266e-01
5.134751796722412109e-01
5.171772837638854980e-01
5.204299688339233398e-01
5.232157111167907715e-01
5.315390825271606445e-01
5.394136905670166016e-01
5.468552112579345703e-01
5.538804531097412109e-01
5.535882711410522461e-01
5.526328682899475098e-01
5.509785413742065430e-01
5.485901832580566406e-01
5.600360035896301270e-01
5.714175105094909668e-01
5.827218294143676758e-01
5.939391851425170898e-01
6.251028776168823242e-01
6.552052497863769531e-01
6.840546727180480957e-01
7.114982604980468750e-01
6.885443329811096191e-01
6.642202138900756836e-01
6.385856866836547852e-01
6.117318272590637207e-01
6.448619365692138672e-01
6.723073720932006836e-01
6.941410899162292480e-01
7.106858491897583008e-01
6.844540834426879883e-01
6.406225562095642090e-01
5.813504457473754883e-01
5.106965899467468262e-01
5.029363632202148438e-01
4.948150515556335449e-01
6.156349778175354004e-01
5.560787916183471680e-01
4.903127253055572510e-01
4.891135394573211670e-01
4.878392219543457031e-01
4.864888489246368408e-01
4.850609898567199707e-01
4.927311539649963379e-01
5.003083348274230957e-01
5.077923536300659180e-01
5.151829123497009277e-01
5.158155560493469238e-01
5.160801410675048828e-01
5.159536600112915039e-01
5.154143571853637695e-01
5.338328480720520020e-01
5.520928502082824707e-01
5.701431035995483398e-01
5.879402756690979004e-01
6.163182258605957031e-01
6.438717246055603027e-01
6.704507470130920410e-01
6.959310173988342285e-01
6.692934036254882812e-01
6.410586237907409668e-01
6.113524436950683594e-01
5.803487300872802734e-01
6.194509863853454590e-01
6.532667279243469238e-01
6.815335154533386230e-01
7.043150663375854492e-01
6.925315260887145996e-01
6.670846939086914062e-01
6.285191774368286133e-01
5.784444212913513184e-01
5.605812072753906250e-01
5.410676002502441406e-01
5.202094316482543945e-01
4.983022511005401611e-01
6.143174171447753906e-01
5.432993769645690918e-01
4.662349522113800049e-01
4.703541994094848633e-01
4.709097445011138916e-01
4.712881445884704590e-01
4.714806377887725830e-01
4.714761078357696533e-01
4.984343647956848145e-01
5.251618623733520508e-01
5.514959096908569336e-01
5.772853493690490723e-01
6.028595566749572754e-01
6.278361082077026367e-01
6.520998477935791016e-01
6.755523681640625000e-01
6.447852253913879395e-01
6.122710704803466797e-01
5.782429575920104980e-01
5.429964661598205566e-01
5.872231721878051758e-01
6.269256472587585449e-01
6.614707708358764648e-01
6.905959844589233398e-01
6.901129484176635742e-01
6.799801588058471680e-01
6.600452661514282227e-01
6.306301355361938477e-01
6.086119413375854492e-01
5.818893909454345703e-01
5.512890219688415527e-01
5.176885724067687988e-01
5.317808985710144043e-01
6.085243821144104004e-01
5.260755419731140137e-01
4.920915365219116211e-01
5.277179479598999023e-01
5.625799894332885742e-01
5.852553844451904297e-01
6.075338721275329590e-01
6.293315887451171875e-01
6.505727767944335938e-01
6.153795719146728516e-01
5.784255266189575195e-01
5.400940179824829102e-01
5.008403658866882324e-01
5.489984750747680664e-01
5.937390327453613281e-01
6.340741515159606934e-01
6.693794727325439453e-01
6.766371726989746094e-01
6.778418421745300293e-01
6.726840734481811523e-01
6.610221862792968750e-01
6.427415609359741211e-01
6.147514581680297852e-01
5.783943533897399902e-01
5.354000926017761230e-01
5.329166650772094727e-01
4.989631772041320801e-01
5.393609404563903809e-01
5.669452548027038574e-01
5.907012224197387695e-01
5.989780426025390625e-01
5.053358674049377441e-01
4.998375475406646729e-01
5.444557070732116699e-01
5.640846490859985352e-01
5.834802389144897461e-01
6.025847196578979492e-01
6.213461160659790039e-01
5.816267132759094238e-01
5.403276681900024414e-01
4.980201721191406250e-01
5.059696435928344727e-01
5.545547604560852051e-01
5.998284220695495605e-01
6.408165693283081055e-01
6.520597338676452637e-01
6.600851416587829590e-01
6.646677851676940918e-01
6.656255722045898438e-01
6.594084501266479492e-01
6.371844410896301270e-01
6.001945734024047852e-01
5.509100556373596191e-01
5.332968831062316895e-01
5.132809877395629883e-01
6.068999171257019043e-01
6.306797862052917480e-01
6.519748568534851074e-01
6.014928817749023438e-01
5.277946591377258301e-01
5.033917427062988281e-01
5.436374545097351074e-01
5.616359114646911621e-01
5.794626474380493164e-01
5.970754027366638184e-01
6.144300103187561035e-01
5.860702395439147949e-01
5.569575428962707520e-01
5.272867679595947266e-01
4.972697496414184570e-01
5.385086536407470703e-01
5.776826143264770508e-01
6.141082644462585449e-01
6.472635269165039062e-01
6.584000587463378906e-01
6.677822470664978027e-01
6.753267645835876465e-01
6.809657216072082520e-01
6.771957874298095703e-01
6.533517837524414062e-01
6.099213957786560059e-01
5.497254729270935059e-01
5.364310145378112793e-01
5.207375884056091309e-01
5.032185912132263184e-01
6.461622714996337891e-01
6.692730784416198730e-01
6.907289028167724609e-01
6.536270380020141602e-01
6.038920879364013672e-01
5.501421689987182617e-01
4.937375485897064209e-01
5.068970322608947754e-01
5.427122116088867188e-01
5.590168237686157227e-01
5.751945376396179199e-01
5.912120342254638672e-01
6.070375442504882812e-01
5.903584957122802734e-01
5.734486579895019531e-01
5.563467144966125488e-01
5.390899181365966797e-01
5.706561207771301270e-01
6.004639863967895508e-01
6.281890869140625000e-01
6.535800099372863770e-01
6.641544699668884277e-01
6.739337444305419922e-01
6.828973889350891113e-01
6.910310983657836914e-01
6.912367343902587891e-01
6.675465703010559082e-01
6.190218329429626465e-01
5.484644770622253418e-01
5.394899845123291016e-01
5.281184911727905273e-01
5.148996710777282715e-01
6.825434565544128418e-01
7.016752362251281738e-01
7.194700241088867188e-01
6.381978392601013184e-01
6.061802506446838379e-01
5.722887516021728516e-01
5.368893742561340332e-01
5.018700361251831055e-01
4.786815047264099121e-01
5.103579163551330566e-01
5.416849255561828613e-01
5.562372803688049316e-01
5.706896185874938965e-01
5.850187540054321289e-01
5.992028117179870605e-01
5.945004224777221680e-01
5.897671580314636230e-01
5.850042700767517090e-01
5.802114605903625488e-01
6.021496057510375977e-01
6.228072047233581543e-01
6.420497894287109375e-01
6.597669124603271484e-01
6.693638563156127930e-01
6.786901354789733887e-01
6.877428293228149414e-01
6.965172886848449707e-01
7.017504572868347168e-01
6.797575354576110840e-01
6.274673938751220703e-01
5.471238493919372559e-01
5.424710512161254883e-01
5.354180335998535156e-01
5.265029668807983398e-01
5.161654949188232422e-01
7.098416090011596680e-01
6.970524191856384277e-01
6.801518201828002930e-01
6.220186948776245117e-01
6.083646416664123535e-01
5.941492319107055664e-01
5.794192552566528320e-01
5.415570735931396484e-01
5.031241774559020996e-01
4.867295026779174805e-01
5.137732028961181641e-01
5.405613183975219727e-01
5.533049702644348145e-01
5.659627914428710938e-01
5.785192251205444336e-01
5.909591913223266602e-01
5.985035300254821777e-01
6.058784127235412598e-01
6.130767464637756348e-01
6.200881004333496094e-01
6.327503323554992676e-01
6.446294784545898438e-01
6.556718349456787109e-01
6.658281087875366211e-01
6.740682721138000488e-01
6.821995973587036133e-01
6.902191042900085449e-01
6.981229782104492188e-01
7.090138792991638184e-01
6.900029182434082031e-01
6.352342367172241211e-01
5.457008481025695801e-01
5.453698635101318359e-01
5.426293015480041504e-01
5.380113720893859863e-01
5.319507122039794922e-01
7.001136541366577148e-01
6.902191042900085449e-01
6.781552433967590332e-01
6.640694141387939453e-01
6.524522304534912109e-01
6.402837634086608887e-01
6.275891661643981934e-01
6.143997907638549805e-01
5.776442289352416992e-01
5.398996472358703613e-01
5.015887618064880371e-01
4.979585409164428711e-01
5.241044759750366211e-01
5.500293374061584473e-01
5.613585114479064941e-01
5.726230740547180176e-01
5.838118791580200195e-01
5.949144363403320312e-01
6.043745875358581543e-01
6.136780977249145508e-01
6.228179931640625000e-01
6.317867636680603027e-01
6.382194757461547852e-01
6.441059112548828125e-01
6.494059562683105469e-01
6.540774703025817871e-01
6.569579243659973145e-01
6.597326993942260742e-01
6.624063849449157715e-01
6.649826765060424805e-01
6.889771223068237305e-01
6.912348866462707520e-01
6.675387620925903320e-01
6.162482500076293945e-01
6.053549647331237793e-01
5.877405405044555664e-01
5.650187134742736816e-01
5.385751724243164062e-01
7.000865936279296875e-01
6.960985660552978516e-01
6.911822557449340820e-01
6.809001564979553223e-01
6.701381206512451172e-01
6.589084863662719727e-01
6.472269296646118164e-01
6.119541525840759277e-01
5.753310322761535645e-01
5.377300381660461426e-01
4.995688199996948242e-01
4.879474341869354248e-01
4.838723242282867432e-01
5.091834664344787598e-01
5.344153046607971191e-01
5.594385266304016113e-01
5.693795680999755859e-01
5.792311429977416992e-01
5.889860391616821289e-01
5.986356735229492188e-01
6.100559830665588379e-01
6.213147044181823730e-01
6.324013471603393555e-01
6.433054208755493164e-01
6.436436772346496582e-01
6.435818076133728027e-01
6.430838108062744141e-01
6.421119570732116699e-01
6.392549276351928711e-01
6.360712647438049316e-01
6.325771808624267578e-01
6.287884116172790527e-01
6.640651226043701172e-01
6.839931607246398926e-01
6.858917474746704102e-01
6.681679487228393555e-01
6.555790901184082031e-01
6.288043260574340820e-01
5.909451842308044434e-01
5.451241135597229004e-01
7.097482085227966309e-01
7.131888270378112793e-01
7.162947654724121094e-01
7.072131037712097168e-01
6.977298855781555176e-01
6.878496408462524414e-01
6.775789260864257812e-01
6.440841555595397949e-01
6.089488267898559570e-01
5.724812150001525879e-01
5.350502133369445801e-01
5.174618363380432129e-01
4.994482100009918213e-01
4.810920655727386475e-01
4.959861934185028076e-01
5.203918814659118652e-01
5.446951985359191895e-01
5.687824487686157227e-01
5.773646831512451172e-01
5.857846736907958984e-01
5.940346717834472656e-01
6.021056175231933594e-01
6.155390143394470215e-01
6.287829875946044922e-01
6.418199539184570312e-01
6.546336412429809570e-01
6.490219831466674805e-01
6.430563926696777344e-01
6.367073059082031250e-01
6.299425363540649414e-01
6.209948658943176270e-01
6.113018393516540527e-01
6.009135246276855469e-01
5.898808836936950684e-01
6.344886422157287598e-01
6.686573624610900879e-01
6.906607151031494141e-01
6.995111107826232910e-01
6.942282915115356445e-01
6.648915410041809082e-01
6.155634522438049316e-01
5.515912175178527832e-01
5.768872499465942383e-01
7.294098734855651855e-01
7.393540740013122559e-01
7.313078045845031738e-01
7.229381203651428223e-01
7.142453193664550781e-01
7.052301764488220215e-01
6.737247109413146973e-01
6.403632760047912598e-01
6.053871512413024902e-01
5.691017508506774902e-01
5.461120605468750000e-01
5.222793221473693848e-01
4.977719485759735107e-01
4.787155091762542725e-01
4.816372692584991455e-01
4.845225512981414795e-01
5.080662965774536133e-01
5.315716266632080078e-01
5.549351572990417480e-01
5.780560970306396484e-01
5.853086113929748535e-01
5.922804474830627441e-01
5.989534854888916016e-01
6.053071022033691406e-01
6.208133697509765625e-01
6.360749602317810059e-01
6.510660648345947266e-01
6.657617092132568359e-01
6.543538570404052734e-01
6.425305604934692383e-01
6.302778124809265137e-01
6.175816059112548828e-01
6.022193431854248047e-01
5.855377912521362305e-01
5.676687359809875488e-01
5.487549901008605957e-01
6.006484627723693848e-01
6.458615064620971680e-01
6.830148696899414062e-01
7.113821506500244141e-01
7.207509279251098633e-01
6.953769922256469727e-01
6.386711597442626953e-01
5.579693913459777832e-01
5.811249017715454102e-01
7.304719090461730957e-01
7.392672300338745117e-01
7.370624542236328125e-01
7.348317503929138184e-01
7.325768470764160156e-01
7.302970290184020996e-01
7.010549306869506836e-01
6.695301532745361328e-01
6.358761191368103027e-01
6.003293991088867188e-01
5.745956301689147949e-01
5.478414893150329590e-01
5.202565193176269531e-01
4.920534789562225342e-01
4.900456964969635010e-01
4.880265295505523682e-01
4.859986007213592529e-01
4.839598536491394043e-01
4.945133328437805176e-01
5.050562620162963867e-01
5.155786275863647461e-01
5.260726213455200195e-01
5.467735528945922852e-01
5.669862031936645508e-01
5.866184830665588379e-01
6.055873632431030273e-01
6.174768805503845215e-01
6.292247176170349121e-01
6.408178210258483887e-01
6.522452235221862793e-01
6.373542547225952148e-01
6.221271753311157227e-01
6.065847277641296387e-01
5.907489657402038574e-01
5.776396989822387695e-01
5.639718770980834961e-01
5.497944951057434082e-01
5.351589322090148926e-01
5.966268777847290039e-01
6.492806673049926758e-01
6.911316514015197754e-01
7.214006781578063965e-01
7.217099070549011230e-01
6.934353113174438477e-01
6.393015980720520020e-01
5.649084448814392090e-01
5.779106616973876953e-01
7.389581799507141113e-01
7.421325445175170898e-01
7.452331185340881348e-01
7.482621073722839355e-01
7.512187361717224121e-01
7.250300645828247070e-01
6.961086988449096680e-01
6.644980311393737793e-01
6.303437948226928711e-01
6.021289825439453125e-01
5.726539492607116699e-01
5.421331524848937988e-01
5.108172297477722168e-01
5.041610598564147949e-01
4.973288178443908691e-01
4.903355240821838379e-01
4.831950664520263672e-01
5.072197318077087402e-01
5.409847497940063477e-01
5.739198923110961914e-01
6.057050824165344238e-01
6.139823198318481445e-01
6.221888661384582520e-01
6.303197741508483887e-01
6.383715867996215820e-01
6.197020411491394043e-01
6.006693243980407715e-01
5.813254117965698242e-01
5.617259740829467773e-01
5.518718957901000977e-01
5.418751239776611328e-01
5.317481160163879395e-01
5.215023159980773926e-01
5.924485325813293457e-01
6.521553993225097656e-01
6.979002952575683594e-01
7.289924025535583496e-01
7.216878533363342285e-01
6.913050413131713867e-01
6.399308443069458008e-01
5.717244744300842285e-01
5.746656060218811035e-01
7.384157776832580566e-01
7.464998364448547363e-01
7.541210651397705078e-01
7.612863779067993164e-01
7.680033445358276367e-01
7.456084489822387695e-01
7.199990153312683105e-01
6.910983920097351074e-01
6.589443683624267578e-01
6.285365223884582520e-01
5.965618491172790527e-01
5.632631182670593262e-01
5.289374589920043945e-01
5.180692076683044434e-01
5.066141486167907715e-01
4.946485459804534912e-01
4.822459220886230469e-01
5.144392251968383789e-01
5.608884096145629883e-01
6.056712865829467773e-01
6.103366613388061523e-01
6.149738430976867676e-01
6.195820569992065430e-01
6.241600513458251953e-01
6.014435291290283203e-01
5.782580375671386719e-01
5.546987056732177734e-01
5.308674573898315430e-01
5.251101851463317871e-01
5.193467140197753906e-01
5.135766863822937012e-01
5.078034996986389160e-01
5.881049036979675293e-01
6.544542312622070312e-01
7.032870054244995117e-01
7.342007160186767578e-01
7.207148075103759766e-01
6.889906525611877441e-01
6.405581235885620117e-01
5.784105062484741211e-01
5.713902115821838379e-01
7.501479387283325195e-01
7.614831924438476562e-01
7.716705799102783203e-01
7.807511687278747559e-01
7.628401517868041992e-01
7.411827445030212402e-01
7.155876755714416504e-01
6.859803795814514160e-01
6.536738276481628418e-01
6.194306015968322754e-01
5.835208892822265625e-01
5.462895035743713379e-01
5.317342877388000488e-01
5.158768892288208008e-01
4.989381134510040283e-01
4.875240921974182129e-01
5.475530028343200684e-01
6.054936647415161133e-01
6.065459251403808594e-01
6.075868010520935059e-01
6.086147427558898926e-01
6.096301674842834473e-01
5.826327800750732422e-01
5.550135374069213867e-01
5.269386172294616699e-01
4.985869824886322021e-01
4.975779354572296143e-01
4.964941442012786865e-01
4.953305423259735107e-01
4.940836429595947266e-01
5.835879445075988770e-01
6.561487317085266113e-01
7.072675228118896484e-01
7.370907664299011230e-01
7.188216447830200195e-01
6.864965558052062988e-01
6.411841511726379395e-01
5.849580764770507812e-01
7.003399133682250977e-01
7.211213707923889160e-01
7.394444942474365234e-01
7.554017305374145508e-01
7.407348155975341797e-01
7.226448655128479004e-01
7.010310888290405273e-01
6.758809089660644531e-01
6.455504298210144043e-01
6.133832335472106934e-01
5.796083807945251465e-01
5.445232391357421875e-01
5.262527465820312500e-01
5.068869590759277344e-01
4.866256415843963623e-01
4.893940687179565430e-01
5.363221764564514160e-01
5.823071002960205078e-01
5.819321870803833008e-01
5.815516710281372070e-01
5.811651349067687988e-01
5.807725787162780762e-01
5.511863827705383301e-01
5.210551023483276367e-01
4.906060099601745605e-01
4.811891615390777588e-01
4.879467487335205078e-01
5.781702399253845215e-01
6.501025557518005371e-01
6.985775232315063477e-01
7.235907912254333496e-01
7.036281824111938477e-01
6.703889369964599609e-01
6.251816153526306152e-01
5.701865553855895996e-01
6.767089962959289551e-01
7.044118642807006836e-01
7.280218601226806641e-01
7.172015309333801270e-01
7.031718492507934570e-01
6.859136819839477539e-01
6.654726862907409668e-01
6.372696757316589355e-01
6.072733998298645020e-01
5.756816267967224121e-01
5.427547693252563477e-01
5.207569003105163574e-01
4.978594481945037842e-01
4.910355210304260254e-01
5.250234603881835938e-01
5.587247014045715332e-01
5.568667054176330566e-01
5.550048947334289551e-01
5.531396269798278809e-01
5.512707233428955078e-01
5.191935300827026367e-01
4.867131114006042480e-01
4.817841053009033203e-01
5.727335214614868164e-01
6.439388990402221680e-01
6.894443631172180176e-01
7.090376019477844238e-01
6.875472664833068848e-01
6.536275744438171387e-01
6.087797284126281738e-01
6.287397146224975586e-01
6.667912602424621582e-01
6.986706256866455078e-01
6.922791004180908203e-01
6.827848553657531738e-01
6.702415347099304199e-01
6.547508835792541504e-01
6.288306713104248047e-01
6.011016368865966797e-01
5.717404484748840332e-01
5.409836769104003906e-01
5.152486562728881836e-01
4.887984693050384521e-01
4.924272000789642334e-01
5.136675238609313965e-01
5.348488092422485352e-01
5.314728617668151855e-01
5.280933380126953125e-01
5.247108936309814453e-01
5.213256478309631348e-01
4.869184494018554688e-01
4.755988121032714844e-01
5.672789216041564941e-01
6.376566886901855469e-01
6.798542141914367676e-01
6.934052109718322754e-01
6.705848574638366699e-01
6.362390518188476562e-01
5.920140147209167480e-01
5.401452779769897461e-01
6.269183754920959473e-01
6.674613356590270996e-01
6.660358905792236328e-01
6.615166664123535156e-01
6.540238261222839355e-01
6.437129378318786621e-01
6.202343106269836426e-01
5.948689579963684082e-01
5.677857398986816406e-01
5.392106175422668457e-01
5.097294449806213379e-01
4.797084927558898926e-01
4.754693210124969482e-01
4.846146404743194580e-01
4.935430288314819336e-01
5.022644400596618652e-01
5.107884407043457031e-01
5.058811306953430176e-01
5.009716749191284180e-01
4.960619509220123291e-01
4.911536574363708496e-01
5.618073940277099609e-01
6.312556862831115723e-01
6.697955131530761719e-01
6.766771674156188965e-01
6.527570486068725586e-01
6.182589530944824219e-01
5.749199390411376953e-01
5.249299407005310059e-01
5.388831496238708496e-01
5.544363260269165039e-01
5.896472334861755371e-01
6.002867221832275391e-01
6.094622015953063965e-01
6.172659993171691895e-01
6.237983703613281250e-01
6.012683510780334473e-01
5.766198635101318359e-01
5.500634908676147461e-01
5.218710899353027344e-01
5.019305944442749023e-01
4.818907380104064941e-01
4.695295393466949463e-01
4.786054193973541260e-01
4.855909049510955811e-01
4.923018217086791992e-01
4.987569749355316162e-01
5.049719810485839844e-01
5.023328065872192383e-01
4.996938407421112061e-01
4.970547556877136230e-01
4.944157600402832031e-01
4.790539443492889404e-01
5.723720788955688477e-01
6.385623216629028320e-01
6.714851260185241699e-01
6.731041669845581055e-01
6.436879038810729980e-01
6.064610481262207031e-01
5.627405047416687012e-01
5.141873359680175781e-01
5.297982692718505859e-01
5.441601872444152832e-01
5.032226443290710449e-01
5.290218591690063477e-01
5.543563365936279297e-01
5.791139602661132812e-01
6.031953692436218262e-01
5.818609595298767090e-01
5.581077337265014648e-01
5.322033166885375977e-01
5.044780373573303223e-01
4.939785599708557129e-01
4.834722578525543213e-01
4.729698598384857178e-01
4.624793529510498047e-01
4.671225845813751221e-01
4.717441499233245850e-01
4.763429164886474609e-01
4.809164404869079590e-01
4.858337342739105225e-01
4.904140233993530273e-01
4.946803450584411621e-01
4.986546337604522705e-01
4.982554316520690918e-01
4.978546500205993652e-01
4.974523782730102539e-01
4.970488846302032471e-01
4.868023395538330078e-01
5.796307325363159180e-01
6.414741277694702148e-01
6.686217784881591797e-01
6.657205820083618164e-01
6.324934363365173340e-01
5.936501622200012207e-01
5.501939654350280762e-01
5.033810138702392578e-01
5.206373333930969238e-01
5.366738438606262207e-01
4.549576044082641602e-01
4.974562823772430420e-01
5.399897694587707520e-01
5.819458365440368652e-01
5.620596408843994141e-01
5.393807291984558105e-01
5.142498612403869629e-01
4.870738983154296875e-01
4.858694970607757568e-01
4.843831658363342285e-01
4.825988113880157471e-01
4.804958105087280273e-01
4.809477329254150391e-01
4.813990592956542969e-01
4.818502664566040039e-01
4.823005795478820801e-01
4.852536916732788086e-01
4.877991676330566406e-01
4.899648427963256836e-01
4.917779564857482910e-01
4.935808479785919189e-01
4.953788816928863525e-01
4.971745014190673828e-01
4.989662170410156250e-01
4.777643680572509766e-01
4.740281999111175537e-01
4.921982288360595703e-01
5.831277966499328613e-01
6.398026347160339355e-01
6.613890528678894043e-01
6.549437046051025391e-01
6.193915605545043945e-01
5.799247026443481445e-01
5.373182296752929688e-01
4.925228655338287354e-01
5.114084482192993164e-01
5.291120409965515137e-01
4.402187168598175049e-01
5.003635883331298828e-01
5.600996613502502441e-01
5.419158935546875000e-01
5.204890370368957520e-01
4.962500333786010742e-01
4.697005450725555420e-01
4.775996506214141846e-01
4.845523238182067871e-01
4.904417395591735840e-01
4.951474368572235107e-01
4.921149313449859619e-01
4.890200793743133545e-01
4.858654737472534180e-01
4.826517105102539062e-01
4.837564826011657715e-01
4.843730330467224121e-01
4.845365285873413086e-01
4.842776656150817871e-01
4.882359504699707031e-01
4.921884834766387939e-01
4.961339533329010010e-01
5.000718235969543457e-01
4.838527143001556396e-01
4.674372076988220215e-01
4.672877788543701172e-01
4.818471074104309082e-01
4.947630167007446289e-01
5.824458599090576172e-01
6.334595680236816406e-01
6.500448584556579590e-01
6.411888599395751953e-01
6.046003699302673340e-01
5.653830170631408691e-01
5.241507291793823242e-01
5.021207928657531738e-01
5.214801430702209473e-01
4.576950669288635254e-01
5.210126042366027832e-01
5.834972858428955078e-01
5.695034265518188477e-01
5.529006123542785645e-01
5.339211821556091309e-01
5.128434896469116211e-01
5.069576501846313477e-01
5.006695985794067383e-01
4.939568340778350830e-01
4.867934882640838623e-01
4.880187809467315674e-01
4.892404079437255859e-01
4.904567897319793701e-01
4.916697442531585693e-01
4.956103861331939697e-01
4.991551041603088379e-01
5.023247003555297852e-01
5.051389932632446289e-01
5.094666481018066406e-01
5.137904286384582520e-01
5.181101560592651367e-01
5.224243998527526855e-01
5.115075111389160156e-01
5.004075765609741211e-01
4.891441762447357178e-01
4.777365028858184814e-01
4.881478846073150635e-01
4.977069795131683350e-01
5.063115954399108887e-01
5.138604044914245605e-01
5.939830541610717773e-01
6.379572153091430664e-01
6.487188339233398438e-01
6.348469853401184082e-01
5.990990400314331055e-01
5.608240962028503418e-01
5.206227302551269531e-01
4.996616840362548828e-01
4.081434607505798340e-01
4.740296006202697754e-01
5.408015847206115723e-01
6.061100363731384277e-01
5.959503650665283203e-01
5.838243961334228516e-01
5.698451399803161621e-01
5.541498064994812012e-01
5.353942513465881348e-01
5.164763331413269043e-01
4.974495768547058105e-01
4.783674478530883789e-01
4.839234054088592529e-01
4.893372058868408203e-01
4.946026504039764404e-01
4.997141957283020020e-01
5.063334703445434570e-01
5.126471519470214844e-01
5.186666250228881836e-01
5.244024395942687988e-01
5.291877985000610352e-01
5.339682698249816895e-01
5.387419462203979492e-01
5.435090065002441406e-01
5.377390980720520020e-01
5.318486690521240234e-01
5.258421301841735840e-01
5.197241902351379395e-01
5.237410068511962891e-01
5.272769927978515625e-01
5.302983522415161133e-01
5.327745676040649414e-01
6.052696704864501953e-01
6.423178315162658691e-01
6.473237872123718262e-01
6.284259557723999023e-01
5.935362577438354492e-01
5.562154054641723633e-01
5.170527100563049316e-01
4.971955418586730957e-01
4.189809858798980713e-01
4.891005456447601318e-01
5.596471428871154785e-01
6.278589367866516113e-01
6.211152076721191406e-01
6.130022406578063965e-01
6.035683155059814453e-01
5.928731560707092285e-01
5.626521110534667969e-01
5.319250226020812988e-01
5.009198188781738281e-01
4.698750078678131104e-01
4.798291921615600586e-01
4.893087446689605713e-01
4.982794821262359619e-01
5.067076086997985840e-01
5.158147811889648438e-01
5.246990919113159180e-01
5.333614349365234375e-01
5.418050885200500488e-01
5.471585392951965332e-01
5.524989366531372070e-01
5.578245520591735840e-01
5.631346702575683594e-01
5.622494816780090332e-01
5.613071918487548828e-01
5.603091716766357422e-01
5.592566132545471191e-01
5.575733184814453125e-01
5.557153820991516113e-01
5.536762475967407227e-01
5.514497756958007812e-01
6.162982583045959473e-01
6.465430855751037598e-01
6.458609700202941895e-01
6.219289302825927734e-01
5.879155397415161133e-01
5.515607595443725586e-01
5.134423375129699707e-01
4.279087781906127930e-01
5.028104782104492188e-01
5.774851441383361816e-01
6.486837267875671387e-01
6.448953747749328613e-01
6.402478218078613281e-01
6.347603201866149902e-01
6.284536719322204590e-01
5.885188579559326172e-01
5.469726920127868652e-01
5.043675899505615234e-01
4.613247215747833252e-01
4.757359921932220459e-01
4.891508817672729492e-01
5.014630556106567383e-01
5.125778913497924805e-01
5.239524841308593750e-01
5.351715683937072754e-01
5.462282896041870117e-01
5.571145415306091309e-01
5.631664991378784180e-01
5.691891312599182129e-01
5.751814246177673340e-01
5.811413526535034180e-01
5.847902894020080566e-01
5.884132981300354004e-01
5.920096039772033691e-01
5.955793261528015137e-01
5.892039537429809570e-01
5.827864408493041992e-01
5.763298869132995605e-01
5.698336362838745117e-01
6.270620226860046387e-01
6.506353020668029785e-01
6.443316936492919922e-01
6.153585314750671387e-01
5.822373628616333008e-01
5.468597412109375000e-01
5.097948312759399414e-01
3.509389758110046387e-01
4.192766845226287842e-01
4.904702901840209961e-01
5.616745948791503906e-01
6.300723552703857422e-01
6.235972046852111816e-01
6.155616641044616699e-01
6.060110926628112793e-01
5.950054526329040527e-01
5.591024160385131836e-01
5.222375392913818359e-01
4.848122596740722656e-01
4.472564756870269775e-01
4.582370519638061523e-01
4.685782492160797119e-01
4.782157540321350098e-01
4.870898723602294922e-01
5.013404488563537598e-01
5.155285596847534180e-01
5.296304821968078613e-01
5.436232686042785645e-01
5.504863858222961426e-01
5.572676658630371094e-01
5.639653205871582031e-01
5.705792307853698730e-01
5.760186910629272461e-01
5.814285874366760254e-01
5.868073701858520508e-01
5.921549201011657715e-01
5.857207179069519043e-01
5.789817571640014648e-01
5.719295740127563477e-01
5.645529627799987793e-01
6.094046831130981445e-01
6.287881731986999512e-01
6.260296106338500977e-01
6.063006520271301270e-01
5.732030272483825684e-01
5.371559262275695801e-01
4.989638626575469971e-01
4.091406464576721191e-01
4.772066175937652588e-01
5.452924966812133789e-01
6.109322905540466309e-01
6.018067002296447754e-01
5.902067422866821289e-01
5.762337446212768555e-01
5.600323081016540527e-01
5.287390351295471191e-01
4.969552755355834961e-01
4.649458229541778564e-01
4.472861289978027344e-01
4.538283646106719971e-01
4.599237442016601562e-01
4.781856238842010498e-01
4.958193302154541016e-01
5.127422809600830078e-01
5.288828611373901367e-01
5.368680953979492188e-01
5.446686148643493652e-01
5.522856116294860840e-01
5.597201585769653320e-01
5.669434666633605957e-01
5.741313695907592773e-01
5.812812447547912598e-01
5.883907675743103027e-01
5.812325477600097656e-01
5.731059908866882324e-01
5.639611482620239258e-01
5.537514090538024902e-01
5.887497067451477051e-01
6.057761907577514648e-01
6.073585748672485352e-01
5.968919396400451660e-01
5.640752315521240234e-01
5.274217724800109863e-01
3.975321650505065918e-01
4.630335867404937744e-01
5.283598303794860840e-01
5.913069248199462891e-01
5.796012282371520996e-01
5.643032193183898926e-01
5.456213951110839844e-01
5.238625407218933105e-01
4.976643621921539307e-01
4.712758064270019531e-01
4.546130895614624023e-01
4.761055111885070801e-01
4.955936074256896973e-01
5.128425955772399902e-01
5.222781300544738770e-01
5.313750505447387695e-01
5.401352643966674805e-01
5.485634207725524902e-01
5.575582981109619141e-01
5.665124058723449707e-01
5.754196047782897949e-01
5.842751860618591309e-01
5.756744146347045898e-01
5.649920701980590820e-01
5.520983934402465820e-01
5.369046330451965332e-01
5.650529265403747559e-01
5.816699862480163574e-01
5.883678197860717773e-01
5.871109962463378906e-01
5.548576712608337402e-01
5.176647305488586426e-01
3.845153450965881348e-01
4.479790925979614258e-01
5.109038352966308594e-01
5.712471008300781250e-01
5.570661425590515137e-01
5.379850864410400391e-01
5.143974423408508301e-01
4.868864417076110840e-01
4.661420285701751709e-01
4.564480483531951904e-01
4.782197177410125732e-01
4.954755306243896484e-01
5.066973567008972168e-01
5.173742175102233887e-01
5.275089740753173828e-01
5.371110439300537109e-01
5.478594303131103516e-01
5.585619211196899414e-01
5.692092180252075195e-01
5.797922015190124512e-01
5.689874887466430664e-01
5.544975399971008301e-01
5.361116528511047363e-01
5.137596726417541504e-01
5.383809208869934082e-01
5.565681457519531250e-01
5.691100955009460449e-01
5.769342184066772461e-01
5.455540418624877930e-01
4.041983783245086670e-01
4.554276466369628906e-01
5.026350617408752441e-01
5.447598695755004883e-01
5.293743014335632324e-01
5.093604326248168945e-01
4.851590991020202637e-01
4.573929011821746826e-01
4.394442141056060791e-01
4.625754356384277344e-01
4.810099303722381592e-01
4.933272004127502441e-01
5.056218504905700684e-01
5.178789496421813965e-01
5.300832390785217285e-01
5.406751036643981934e-01
5.512013435363769531e-01
5.616530776023864746e-01
5.720222592353820801e-01
5.636938810348510742e-01
5.512662529945373535e-01
5.345855355262756348e-01
5.136605501174926758e-01
5.353345870971679688e-01
5.522921681404113770e-01
5.650974512100219727e-01
5.743827223777770996e-01
5.479112267494201660e-01
4.205769300460815430e-01
4.613462984561920166e-01
4.940964579582214355e-01
5.179662704467773438e-01
5.014731884002685547e-01
4.806632399559020996e-01
4.560192525386810303e-01
4.466181397438049316e-01
4.662661254405975342e-01
4.799668490886688232e-01
4.935528337955474854e-01
5.070019364356994629e-01
5.202924609184265137e-01
5.311835408210754395e-01
5.419444441795349121e-01
5.525693297386169434e-01
5.630484223365783691e-01
5.569526553153991699e-01
5.463410019874572754e-01
5.311518311500549316e-01
5.114958882331848145e-01
5.311428904533386230e-01
5.474953651428222656e-01
5.609185099601745605e-01
5.718119740486145020e-01
4.337820112705230713e-01
4.657673537731170654e-01
4.852944314479827881e-01
4.910192191600799561e-01
4.735367894172668457e-01
4.520818591117858887e-01
4.303978681564331055e-01
4.512781500816345215e-01
4.666347801685333252e-01
4.811761975288391113e-01
4.948489069938659668e-01
5.076186060905456543e-01
5.192796587944030762e-01
5.307055115699768066e-01
5.418871045112609863e-01
5.528174638748168945e-01
5.487245917320251465e-01
5.397192835807800293e-01
5.258527398109436035e-01
5.073661804199218750e-01
5.258659720420837402e-01
5.422017574310302734e-01
5.565797686576843262e-01
5.692211985588073730e-01
4.440679252147674561e-01
4.687450528144836426e-01
4.762350022792816162e-01
4.640748202800750732e-01
4.457394182682037354e-01
4.238036572933197021e-01
4.360827803611755371e-01
4.533507227897644043e-01
4.685043096542358398e-01
4.814134836196899414e-01
4.920147657394409180e-01
5.049093961715698242e-01
5.174290537834167480e-01
5.295592546463012695e-01
5.412882566452026367e-01
5.389901399612426758e-01
5.314164757728576660e-01
5.187578201293945312e-01
5.013964772224426270e-01
5.195691585540771484e-01
5.364364981651306152e-01
5.520848035812377930e-01
4.556589722633361816e-01
4.734985232353210449e-01
4.748582839965820312e-01
4.584885239601135254e-01
4.457172155380249023e-01
4.308582842350006104e-01
4.285467267036437988e-01
4.491638839244842529e-01
4.608819186687469482e-01
4.702801406383514404e-01
4.772662818431854248e-01
4.818093180656433105e-01
4.900874793529510498e-01
4.981397986412048340e-01
5.059612989425659180e-01
5.135479569435119629e-01
5.143425464630126953e-01
5.105398893356323242e-01
5.023691654205322266e-01
4.901912212371826172e-01
5.165438652038574219e-01
5.414167046546936035e-01
4.645498692989349365e-01
4.756802916526794434e-01
4.714625775814056396e-01
4.516254961490631104e-01
4.452664256095886230e-01
4.379000961780548096e-01
4.295979142189025879e-01
4.428771734237670898e-01
4.622289538383483887e-01
4.683158099651336670e-01
4.719094336032867432e-01
4.729422330856323242e-01
4.714075922966003418e-01
4.749386012554168701e-01
4.783470630645751953e-01
4.816314280033111572e-01
4.847912192344665527e-01
4.889653921127319336e-01
4.892055988311767578e-01
4.857395291328430176e-01
4.788878560066223145e-01
5.133641958236694336e-01
5.461921691894531250e-01
4.529131650924682617e-01
4.703971743583679199e-01
4.751671254634857178e-01
4.660665094852447510e-01
4.435529112815856934e-01
4.444005191326141357e-01
4.449270367622375488e-01
4.451422989368438721e-01
4.450588822364807129e-01
4.366381466388702393e-01
4.569158256053924561e-01
4.752587080001831055e-01
4.756483435630798340e-01
4.733917713165283203e-01
4.684432744979858398e-01
4.608204960823059082e-01
4.594956338405609131e-01
4.581190943717956543e-01
4.566910862922668457e-01
4.552118778228759766e-01
4.629990160465240479e-01
4.675008654594421387e-01
4.689131677150726318e-01
4.675009846687316895e-01
5.100350379943847656e-01
4.236695170402526855e-01
4.621495604515075684e-01
4.729175865650177002e-01
4.718923866748809814e-01
4.587248563766479492e-01
4.343503415584564209e-01
4.431339204311370850e-01
4.519346356391906738e-01
4.607469439506530762e-01
4.695654809474945068e-01
4.534733593463897705e-01
4.372513592243194580e-01
4.320629835128784180e-01
4.518553912639617920e-01
4.706232845783233643e-01
4.882338643074035645e-01
4.828736484050750732e-01
4.747274816036224365e-01
4.637708961963653564e-01
4.500615000724792480e-01
4.437949955463409424e-01
4.375351369380950928e-01
4.312843382358551025e-01
4.250451624393463135e-01
4.366053044795989990e-01
4.455216526985168457e-01
4.519363939762115479e-01
4.560448825359344482e-01
4.049563109874725342e-01
4.322327077388763428e-01
4.597136974334716797e-01
4.646301865577697754e-01
4.613588154315948486e-01
4.499998390674591064e-01
4.312367737293243408e-01
4.398739039897918701e-01
4.485036432743072510e-01
4.571206271648406982e-01
4.657195210456848145e-01
4.541814327239990234e-01
4.426277875900268555e-01
4.273772239685058594e-01
4.292868077754974365e-01
4.482818543910980225e-01
4.665405452251434326e-01
4.839606881141662598e-01
5.004554390907287598e-01
4.936949610710144043e-01
4.848308265209197998e-01
4.738540351390838623e-01
4.608055055141448975e-01
4.491858482360839844e-01
4.374703466892242432e-01
4.256756603717803955e-01
4.138194322586059570e-01
4.270437955856323242e-01
4.376098215579986572e-01
4.457154273986816406e-01
4.516054093837738037e-01
3.881081938743591309e-01
4.043907821178436279e-01
4.204649627208709717e-01
4.362770318984985352e-01
4.517791569232940674e-01
4.531500041484832764e-01
4.495042860507965088e-01
4.410300254821777344e-01
4.281236827373504639e-01
4.366194903850555420e-01
4.450712800025939941e-01
4.534735977649688721e-01
4.618249237537384033e-01
4.548889994621276855e-01
4.479693770408630371e-01
4.410685896873474121e-01
4.341896474361419678e-01
4.379143714904785156e-01
4.411440789699554443e-01
4.438522458076477051e-01
4.460128843784332275e-01
4.635075628757476807e-01
4.804194569587707520e-01
4.966819286346435547e-01
5.122407674789428711e-01
5.043262243270874023e-01
4.948989152908325195e-01
4.839587807655334473e-01
4.715324640274047852e-01
4.545198976993560791e-01
4.368446171283721924e-01
4.185904562473297119e-01
3.770163059234619141e-01
4.034260213375091553e-01
4.233085215091705322e-01
4.280939996242523193e-01
4.321628212928771973e-01
4.355033636093139648e-01
4.381092190742492676e-01
4.385206997394561768e-01
4.363897144794464111e-01
4.318309724330902100e-01
4.250118732452392578e-01
4.333699643611907959e-01
4.416365623474121094e-01
4.498079121112823486e-01
4.578826427459716797e-01
4.555966258049011230e-01
4.532741606235504150e-01
4.509146213531494141e-01
4.485168755054473877e-01
4.528345465660095215e-01
4.564498066902160645e-01
4.593248367309570312e-01
4.614244997501373291e-01
4.776418209075927734e-01
4.934335052967071533e-01
5.087550878524780273e-01
5.235717892646789551e-01
5.147571563720703125e-01
5.049235224723815918e-01
4.940758943557739258e-01
4.822317063808441162e-01
4.597946703433990479e-01
4.356726109981536865e-01
4.000245034694671631e-01
4.000936746597290039e-01
4.196593761444091797e-01
4.411578178405761719e-01
4.566504359245300293e-01
4.487834870815277100e-01
4.398340880870819092e-01
4.298264980316162109e-01
4.188032746315002441e-01
4.209046959877014160e-01
4.220995903015136719e-01
4.224189817905426025e-01
4.219017624855041504e-01
4.301261007785797119e-01
4.382002353668212891e-01
4.461229741573333740e-01
4.538951218128204346e-01
4.563050568103790283e-01
4.585399031639099121e-01
4.605942070484161377e-01
4.624620079994201660e-01
4.671731293201446533e-01
4.709307551383972168e-01
4.736844301223754883e-01
4.753930568695068359e-01
4.906055927276611328e-01
5.055359005928039551e-01
5.201541781425476074e-01
5.344346165657043457e-01
5.249774456024169922e-01
5.148969292640686035e-01
5.041972398757934570e-01
4.928923547267913818e-01
4.650103449821472168e-01
4.339704215526580811e-01
4.286993443965911865e-01
4.379382431507110596e-01
4.391404986381530762e-01
4.327315092086791992e-01
4.375068247318267822e-01
4.500111043453216553e-01
4.563543200492858887e-01
4.560724198818206787e-01
4.452422261238098145e-01
4.333785772323608398e-01
4.205355346202850342e-01
4.067811667919158936e-01
4.114644229412078857e-01
4.159750342369079590e-01
4.203159213066101074e-01
4.244875907897949219e-01
4.313478171825408936e-01
4.380484223365783691e-01
4.445895552635192871e-01
4.509736895561218262e-01
4.556345641613006592e-01
4.600492119789123535e-01
4.642070829868316650e-01
4.680977463722229004e-01
4.683501124382019043e-01
4.680311679840087891e-01
4.671231806278228760e-01
4.656098783016204834e-01
4.854224324226379395e-01
5.049469470977783203e-01
5.241193771362304688e-01
5.428835153579711914e-01
5.265321135520935059e-01
5.094725489616394043e-01
4.917395412921905518e-01
4.733826518058776855e-01
4.481122195720672607e-01
4.201521277427673340e-01
4.172817170619964600e-01
4.433457851409912109e-01
4.666143655776977539e-01
4.744026362895965576e-01
4.787169098854064941e-01
4.797237515449523926e-01
4.776704311370849609e-01
4.812084138393402100e-01
4.785668551921844482e-01
4.691941738128662109e-01
4.529128074645996094e-01
4.391761720180511475e-01
4.244940578937530518e-01
4.089491069316864014e-01
4.096388220787048340e-01
4.182156920433044434e-01
4.268375933170318604e-01
4.323253929615020752e-01
4.376474916934967041e-01
4.428051412105560303e-01
4.478009939193725586e-01
4.546178877353668213e-01
4.611034393310546875e-01
4.672404527664184570e-01
4.730129241943359375e-01
4.691296815872192383e-01
4.649763107299804688e-01
4.605488777160644531e-01
4.558456540107727051e-01
4.802387654781341553e-01
5.043564438819885254e-01
5.280814170837402344e-01
5.513071417808532715e-01
5.280832052230834961e-01
5.040382146835327148e-01
4.792784154415130615e-01
4.539344608783721924e-01
4.313330352306365967e-01
4.064517617225646973e-01
3.827343285083770752e-01
4.220755100250244141e-01
4.609635770320892334e-01
4.988760650157928467e-01
5.089960098266601562e-01
5.183262228965759277e-01
5.268852114677429199e-01
5.347010493278503418e-01
5.232274532318115234e-01
5.049880146980285645e-01
4.795988798141479492e-01
4.472311735153198242e-01
4.306910037994384766e-01
4.133328199386596680e-01
4.161179661750793457e-01
4.289429783821105957e-01
4.330518841743469238e-01
4.369907677173614502e-01
4.407622814178466797e-01
4.443691372871398926e-01
4.532415568828582764e-01
4.616824686527252197e-01
4.696677923202514648e-01
4.771721065044403076e-01
4.695008099079132080e-01
4.617640674114227295e-01
4.539648294448852539e-01
4.461064636707305908e-01
4.750551879405975342e-01
5.037654638290405273e-01
5.320404767990112305e-01
5.597003698348999023e-01
5.296301245689392090e-01
4.985954761505126953e-01
4.668297171592712402e-01
4.346051514148712158e-01
4.147084057331085205e-01
4.145242869853973389e-01
4.697528183460235596e-01
5.253382921218872070e-01
5.414526462554931641e-01
5.574772953987121582e-01
5.733788609504699707e-01
5.891263484954833984e-01
5.628643035888671875e-01
5.290529131889343262e-01
4.875585436820983887e-01
4.391465485095977783e-01
4.199504256248474121e-01
4.140230715274810791e-01
4.307979345321655273e-01
4.335194230079650879e-01
4.360699653625488281e-01
4.384530186653137207e-01
4.406712949275970459e-01
4.514928758144378662e-01
4.617692828178405762e-01
4.714636504650115967e-01
4.805440008640289307e-01
4.694544076919555664e-01
4.583928585052490234e-01
4.473717510700225830e-01
4.363999068737030029e-01
4.698734879493713379e-01
5.031734108924865723e-01
5.359946489334106445e-01
5.680586695671081543e-01
5.311728715896606445e-01
4.931454062461853027e-01
4.544092714786529541e-01
4.154528677463531494e-01
3.982750773429870605e-01
4.245757460594177246e-01
4.782615602016448975e-01
5.322993993759155273e-01
5.454070568084716797e-01
5.574540495872497559e-01
5.684098601341247559e-01
5.782599449157714844e-01
5.462927222251892090e-01
5.095591545104980469e-01
4.685036242008209229e-01
4.240026473999023438e-01
4.099253118038177490e-01
4.158805906772613525e-01
4.218528866767883301e-01
4.278406202793121338e-01
4.323592782020568848e-01
4.366631805896759033e-01
4.407445490360260010e-01
4.445961415767669678e-01
4.412797689437866211e-01
4.379058778285980225e-01
4.344762265682220459e-01
4.309901893138885498e-01
4.588296115398406982e-01
4.866068959236145020e-01
5.141399502754211426e-01
5.412614345550537109e-01
5.109087228775024414e-01
4.794703423976898193e-01
4.472030103206634521e-01
4.144108593463897705e-01
3.972769975662231445e-01
4.346742630004882812e-01
4.867703020572662354e-01
5.391301512718200684e-01
5.476978421211242676e-01
5.523492097854614258e-01
5.529875755310058594e-01
5.496287941932678223e-01
5.165632367134094238e-01
4.813702106475830078e-01
4.445171952247619629e-01
4.149706959724426270e-01
4.134185314178466797e-01
4.118337929248809814e-01
4.102174639701843262e-01
4.085690379142761230e-01
4.131141006946563721e-01
4.174709320068359375e-01
4.216333031654357910e-01
4.255960285663604736e-01
4.478208422660827637e-01
4.700385928153991699e-01
4.921545982360839844e-01
5.140785574913024902e-01
4.905342757701873779e-01
4.658009409904479980e-01
4.400168359279632568e-01
4.133665263652801514e-01
3.962070643901824951e-01
3.954567611217498779e-01
4.448117613792419434e-01
4.952739775180816650e-01
5.458267331123352051e-01
5.482672452926635742e-01
5.419428348541259766e-01
5.267989635467529297e-01
5.033591985702514648e-01
4.746571779251098633e-01
4.455847740173339844e-01
3.971630632877349854e-01
4.088612496852874756e-01
4.202189445495605469e-01
4.368577301502227783e-01
4.535053372383117676e-01
4.701217412948608398e-01
4.866681396961212158e-01
4.701174795627593994e-01
4.521560370922088623e-01
4.328525662422180176e-01
4.123197495937347412e-01
4.069460332393646240e-01
4.549804031848907471e-01
5.037681460380554199e-01
5.523859858512878418e-01
5.470753312110900879e-01
5.262173414230346680e-01
4.905008077621459961e-01
3.961774706840515137e-01
4.148603677749633789e-01
4.259498119354248047e-01
4.370435178279876709e-01
4.481292366981506348e-01
4.591951370239257812e-01
4.497279524803161621e-01
4.385565817356109619e-01
4.257135987281799316e-01
4.112705886363983154e-01
4.255286157131195068e-01
4.635647535324096680e-01
5.004013776779174805e-01
5.355510711669921875e-01
5.228232741355895996e-01
4.979905188083648682e-01
4.622255861759185791e-01
3.997696340084075928e-01
4.160959422588348389e-01
4.324698448181152344e-01
4.488513469696044922e-01
4.461445510387420654e-01
4.420460462570190430e-01
4.365445375442504883e-01
4.296522736549377441e-01
4.203335940837860107e-01
4.069206118583679199e-01
4.440033137798309326e-01
4.720300734043121338e-01
4.951801002025604248e-01
5.130323767662048340e-01
4.948092401027679443e-01
4.678629040718078613e-01
3.945016562938690186e-01
4.161769747734069824e-01
4.379516243934631348e-01
4.417282640933990479e-01
4.444274902343750000e-01
4.460225701332092285e-01
4.465004801750183105e-01
4.449810981750488281e-01
4.399962723255157471e-01
4.317302703857421875e-01
4.623192548751831055e-01
4.803690910339355469e-01
4.880560934543609619e-01
4.847959578037261963e-01
4.633370935916900635e-01
4.361989200115203857e-01
3.993292152881622314e-01
4.265291094779968262e-01
4.364991188049316406e-01
4.457100331783294678e-01
4.541244506835937500e-01
4.617148041725158691e-01
4.675001204013824463e-01
4.705683290958404541e-01
4.709659516811370850e-01
4.688003957271575928e-01
4.574654698371887207e-01
4.804311096668243408e-01
4.885739684104919434e-01
4.790141880512237549e-01
4.512248933315277100e-01
4.289443790912628174e-01
4.146218299865722656e-01
4.304841458797454834e-01
4.459132552146911621e-01
4.608499407768249512e-01
4.752443432807922363e-01
4.876972138881683350e-01
4.981653988361358643e-01
5.066320896148681641e-01
5.131201744079589844e-01
4.998777806758880615e-01
4.620031416416168213e-01
4.735394716262817383e-01
4.726993739604949951e-01
4.581663310527801514e-01
4.302331507205963135e-01
4.130099415779113770e-01
4.302678406238555908e-01
4.473168849945068359e-01
4.640988111495971680e-01
4.816186130046844482e-01
4.966989755630493164e-01
5.092496871948242188e-01
5.192536711692810059e-01
5.096511840820312500e-01
4.613331258296966553e-01
4.627041816711425781e-01
4.545540511608123779e-01
4.365589618682861328e-01
4.093579947948455811e-01
4.106779694557189941e-01
4.315418899059295654e-01
4.501496553421020508e-01
4.731438457965850830e-01
4.933025240898132324e-01
5.104008316993713379e-01
5.243386626243591309e-01
5.183851718902587891e-01
4.401961863040924072e-01
4.545911252498626709e-01
4.476780295372009277e-01
4.341974258422851562e-01
4.143143296241760254e-01
4.169894456863403320e-01
4.336418509483337402e-01
4.623851776123046875e-01
4.880100786685943604e-01
5.100836753845214844e-01
5.283613801002502441e-01
5.260546207427978516e-01
4.354288280010223389e-01
4.452031552791595459e-01
4.411544501781463623e-01
4.283998608589172363e-01
4.117785096168518066e-01
4.233140647411346436e-01
4.495021402835845947e-01
4.808869063854217529e-01
5.083134174346923828e-01
5.313165783882141113e-01
5.326458811759948730e-01
5.331569314002990723e-01
4.264396727085113525e-01
4.266223609447479248e-01
4.166554212570190430e-01
4.018576741218566895e-01
3.839025795459747314e-01
4.095170199871063232e-01
4.434636235237121582e-01
4.692073166370391846e-01
4.921823143959045410e-01
5.120406746864318848e-01
5.155857205390930176e-01
5.174521207809448242e-01
4.137677550315856934e-01
4.061420857906341553e-01
3.918230235576629639e-01
3.753681778907775879e-01
4.371399879455566406e-01
4.568326473236083984e-01
4.746904373168945312e-01
4.904933571815490723e-01
4.972467422485351562e-01
5.011916756629943848e-01
4.125425815582275391e-01
4.066826105117797852e-01
3.971582949161529541e-01
3.838488757610321045e-01
3.668197393417358398e-01
4.438163042068481445e-01
4.559504687786102295e-01
4.668336808681488037e-01
4.776924848556518555e-01
4.844073653221130371e-01
4.049337506294250488e-01
3.915912210941314697e-01
3.765587508678436279e-01
3.599212467670440674e-01
4.302218556404113770e-01
4.361049234867095947e-01
4.413039386272430420e-01
4.570184051990509033e-01
4.671416878700256348e-01
4.712559878826141357e-01
3.831988275051116943e-01
3.706908226013183594e-01
3.569488227367401123e-01
4.270255863666534424e-01
4.474591016769409180e-01
4.608468413352966309e-01
4.665543735027313232e-01
3.586896657943725586e-01
4.379241466522216797e-01
4.545207023620605469e-01
4.615731835365295410e-01
3.529395163059234619e-01
4.284213185310363770e-01
4.481658637523651123e-01
4.563168585300445557e-01
4.189572632312774658e-01
4.417843818664550781e-01
4.507899582386016846e-01
4.461280703544616699e-01
4.250063598155975342e-01
4.388164579868316650e-01
4.378709197044372559e-01
3.424569964408874512e-01
4.081021249294281006e-01
4.267518222332000732e-01
4.295888543128967285e-01
3.592076897621154785e-01
3.459048271179199219e-01
3.911209106445312500e-01
4.146127700805664062e-01
4.212864935398101807e-01
4.194957911968231201e-01
3.994661569595336914e-01
3.726353049278259277e-01
4.024154841899871826e-01
4.129686951637268066e-01
4.318014383316040039e-01
4.127621650695800781e-01
3.882794082164764404e-01
3.584049940109252930e-01
3.804886937141418457e-01
4.017899036407470703e-01
4.272321760654449463e-01
4.033627212047576904e-01
3.751929700374603271e-01
3.853686749935150146e-01
4.001517295837402344e-01
4.191078245639801025e-01
3.912098109722137451e-01
3.602649271488189697e-01
3.887113332748413086e-01
3.975277543067932129e-01
3.860050737857818604e-01
4.072302281856536865e-01
3.763170838356018066e-01
3.763990402221679688e-01
3.905007243156433105e-01
3.776773810386657715e-01
3.871341049671173096e-01
3.679547607898712158e-01
3.862746357917785645e-01
3.930164873600006104e-01
3.678064048290252686e-01
3.649082481861114502e-01
3.815870583057403564e-01
3.918026685714721680e-01
3.650412261486053467e-01
3.564302325248718262e-01
3.764432966709136963e-01
3.903086483478546143e-01
4.287163019180297852e-01
4.384854435920715332e-01
3.641714751720428467e-01
3.708520531654357910e-01
3.885297477245330811e-01
4.297839999198913574e-01
4.481104314327239990e-01
4.664525687694549561e-01
3.699001371860504150e-01
3.713488578796386719e-01
3.916431367397308350e-01
4.576939940452575684e-01
4.846830070018768311e-01
5.112023949623107910e-01
3.701407611370086670e-01
3.781417012214660645e-01
3.566516041755676270e-01
3.714896738529205322e-01
3.947542011737823486e-01
4.102824032306671143e-01
4.140452444553375244e-01
4.175460338592529297e-01
5.029429197311401367e-01
5.373362302780151367e-01
5.700426101684570312e-01
3.798182308673858643e-01
3.737208843231201172e-01
3.638087809085845947e-01
3.712737262248992920e-01
3.978634476661682129e-01
4.194003343582153320e-01
4.223596751689910889e-01
4.248823523521423340e-01
4.269814193248748779e-01
5.211836099624633789e-01
5.630162358283996582e-01
6.015809178352355957e-01
6.168645620346069336e-01
4.287197887897491455e-01
4.145845770835876465e-01
3.949975371360778809e-01
3.707027435302734375e-01
4.009704291820526123e-01
4.284339845180511475e-01
4.306661784648895264e-01
4.322444796562194824e-01
4.331950843334197998e-01
5.535904169082641602e-01
5.837610960006713867e-01
5.996130108833312988e-01
6.108222007751464844e-01
4.273010492324829102e-01
4.639198184013366699e-01
4.351465106010437012e-01
3.992322981357574463e-01
3.705485761165618896e-01
3.982594311237335205e-01
4.210509955883026123e-01
4.220296442508697510e-01
4.220689535140991211e-01
5.627438426017761230e-01
5.804847478866577148e-01
5.914468765258789062e-01
4.505445361137390137e-01
4.990450143814086914e-01
4.548280835151672363e-01
4.015295803546905518e-01
3.698321878910064697e-01
3.954765796661376953e-01
4.136709868907928467e-01
5.384989976882934570e-01
5.594261884689331055e-01
5.710631012916564941e-01
5.739416480064392090e-01
4.739421010017395020e-01
5.337361693382263184e-01
4.735365509986877441e-01
4.019337296485900879e-01
3.685540258884429932e-01
3.926220834255218506e-01
4.062974452972412109e-01
5.364335179328918457e-01
5.496896505355834961e-01
5.512513518333435059e-01
5.423743128776550293e-01
4.973912537097930908e-01
5.676603913307189941e-01
4.912075102329254150e-01
3.667175769805908203e-01
3.896955549716949463e-01
5.777636170387268066e-01
5.778858065605163574e-01
5.716747045516967773e-01
5.680892467498779297e-01
5.642558336257934570e-01
5.601825118064880371e-01
5.558775067329406738e-01
5.381075143814086914e-01
5.202306509017944336e-01
5.022910237312316895e-01
4.843353927135467529e-01
4.831457138061523438e-01
4.819483757019042969e-01
4.807438850402832031e-01
4.953370690345764160e-01
5.599403977394104004e-01
4.820597767829895020e-01
3.771747052669525146e-01
3.950488567352294922e-01
6.052014231681823730e-01
6.039492487907409668e-01
5.994823575019836426e-01
5.915536880493164062e-01
5.835313200950622559e-01
5.754203200340270996e-01
5.672236084938049316e-01
5.488010644912719727e-01
5.300267338752746582e-01
5.109566450119018555e-01
4.916511178016662598e-01
4.881116449832916260e-01
4.845680892467498779e-01
4.810226261615753174e-01
4.774740040302276611e-01
4.930356442928314209e-01
5.513294339179992676e-01
4.722525179386138916e-01
3.877039551734924316e-01
4.004052877426147461e-01
6.318535208702087402e-01
6.293103694915771484e-01
6.256227493286132812e-01
6.128809452056884766e-01
5.999748110771179199e-01
5.869203209877014160e-01
5.737334489822387695e-01
5.569038987159729004e-01
5.387622117996215820e-01
5.194075107574462891e-01
4.989615976810455322e-01
4.930661022663116455e-01
4.871702194213867188e-01
4.812757670879364014e-01
4.753843843936920166e-01
4.904820024967193604e-01
5.418215394020080566e-01
4.618124067783355713e-01
3.982956409454345703e-01
4.057641625404357910e-01
6.575920581817626953e-01
6.538552045822143555e-01
6.499790549278259277e-01
6.319612264633178711e-01
6.134022474288940430e-01
5.943377614021301270e-01
5.748095512390136719e-01
5.621566772460937500e-01
5.463602542877197266e-01
5.276325941085815430e-01
5.062626004219055176e-01
4.980086386203765869e-01
4.897538721561431885e-01
4.815046191215515137e-01
4.732649624347686768e-01
4.876728951930999756e-01
5.314167141914367676e-01
4.507718086242675781e-01
3.940907120704650879e-01
4.089384675025939941e-01
4.111230969429016113e-01
6.403008103370666504e-01
6.452448964118957520e-01
6.496320366859436035e-01
6.371135115623474121e-01
6.240763068199157715e-01
6.105129122734069824e-01
5.964220166206359863e-01
5.801886916160583496e-01
5.610832571983337402e-01
5.392782092094421387e-01
5.150295495986938477e-01
5.071698427200317383e-01
4.993035793304443359e-01
4.914329946041107178e-01
4.835644066333770752e-01
4.594225287437438965e-01
4.185899496078491211e-01
4.678916335105895996e-01
4.919384717941284180e-01
4.087487161159515381e-01
4.206962287425994873e-01
4.204757809638977051e-01
6.226063966751098633e-01
6.362260580062866211e-01
6.484321355819702148e-01
6.416513323783874512e-01
6.342729926109313965e-01
6.262665987014770508e-01
6.176034808158874512e-01
5.979867577552795410e-01
5.756951570510864258e-01
5.508768558502197266e-01
5.237681865692138672e-01
5.162992477416992188e-01
5.088132023811340332e-01
5.013145804405212402e-01
4.938068985939025879e-01
4.760602712631225586e-01
4.581257700920104980e-01
4.152020215988159180e-01
4.441072344779968262e-01
4.493205845355987549e-01
4.082486927509307861e-01
4.299478530883789062e-01
4.398421645164489746e-01
4.325605034828186035e-01
6.045471429824829102e-01
6.268023848533630371e-01
6.464164853096008301e-01
6.456026434898376465e-01
6.440055966377258301e-01
6.415816545486450195e-01
6.382877826690673828e-01
6.155080199241638184e-01
5.901718735694885254e-01
5.624170899391174316e-01
5.324751734733581543e-01
5.253902077674865723e-01
5.182776451110839844e-01
5.111409425735473633e-01
5.039826035499572754e-01
4.920156896114349365e-01
4.800478518009185791e-01
4.680923521518707275e-01
4.561627209186553955e-01
4.073508083820343018e-01
4.165166914463043213e-01
4.074420332908630371e-01
4.388621151447296143e-01
4.589650034904479980e-01
4.508386254310607910e-01
4.405803382396697998e-01
5.861659049987792969e-01
6.169779300689697266e-01
6.436238884925842285e-01
6.489982604980468750e-01
6.532883048057556152e-01
6.564429402351379395e-01
6.584139466285705566e-01
6.327127814292907715e-01
6.044905185699462891e-01
5.738871693611145020e-01
5.411458611488342285e-01
5.344377160072326660e-01
5.276898741722106934e-01
5.209034681320190430e-01
5.140817165374755859e-01
5.071983337402343750e-01
4.997555613517761230e-01
4.917275309562683105e-01
4.830929040908813477e-01
4.543230831623077393e-01
3.948755860328674316e-01
4.063332378864288330e-01
4.474253952503204346e-01
4.777672588825225830e-01
4.689640104770660400e-01
4.576133191585540771e-01
4.439535140991210938e-01
5.732073783874511719e-01
6.105982065200805664e-01
6.452916860580444336e-01
6.514236927032470703e-01
6.563622951507568359e-01
6.600682139396667480e-01
6.625089645385742188e-01
6.436147689819335938e-01
6.235730648040771484e-01
6.024135351181030273e-01
5.801895260810852051e-01
5.657621026039123535e-01
5.511796474456787109e-01
5.364669561386108398e-01
5.216496586799621582e-01
5.123131275177001953e-01
5.027313232421875000e-01
4.929034709930419922e-01
4.828315377235412598e-01
4.580205380916595459e-01
3.728191852569580078e-01
3.670498430728912354e-01
4.099960923194885254e-01
4.434485137462615967e-01
4.675179123878479004e-01
4.620701670646667480e-01
4.552105963230133057e-01
4.470280706882476807e-01
4.376264214515686035e-01
5.601467490196228027e-01
6.037195324897766113e-01
6.453774571418762207e-01
6.521534323692321777e-01
6.576339602470397949e-01
6.617959141731262207e-01
6.646256446838378906e-01
6.507123112678527832e-01
6.364430785179138184e-01
6.218327879905700684e-01
6.069011688232421875e-01
5.875539779663085938e-01
5.675411820411682129e-01
5.469167232513427734e-01
5.257468819618225098e-01
5.148894190788269043e-01
5.039771795272827148e-01
4.930210709571838379e-01
4.820310175418853760e-01
4.605062305927276611e-01
4.363111555576324463e-01
3.570148348808288574e-01
4.131956100463867188e-01
4.392637312412261963e-01
4.572457969188690186e-01
4.551519155502319336e-01
4.524517357349395752e-01
4.491666257381439209e-01
4.453190267086029053e-01
5.470005273818969727e-01
5.963196754455566406e-01
6.437593698501586914e-01
6.510835289955139160e-01
6.570224761962890625e-01
6.615719199180603027e-01
6.647398471832275391e-01
6.539571285247802734e-01
6.429626345634460449e-01
6.317639350891113281e-01
6.203693747520446777e-01
5.989663600921630859e-01
5.760774016380310059e-01
5.517421364784240723e-01
5.260454416275024414e-01
5.147324800491333008e-01
5.033925175666809082e-01
4.920370578765869141e-01
4.806775748729705811e-01
4.617005288600921631e-01
4.411606788635253906e-01
4.192585349082946777e-01
3.576195240020751953e-01
3.903594315052032471e-01
4.159244000911712646e-01
4.348734021186828613e-01
4.469615221023559570e-01
4.482107460498809814e-01
4.493258893489837646e-01
4.503079652786254883e-01
4.511543214321136475e-01
5.883793830871582031e-01
6.403222680091857910e-01
6.481204628944396973e-01
6.544602513313293457e-01
6.593582630157470703e-01
6.628432273864746094e-01
6.533728837966918945e-01
6.432203650474548340e-01
6.323812007904052734e-01
6.208565235137939453e-01
5.998819470405578613e-01
5.764979124069213867e-01
5.506319403648376465e-01
5.223006010055541992e-01
5.116969943046569824e-01
5.008987784385681152e-01
4.899151027202606201e-01
4.787592291831970215e-01
4.615356028079986572e-01
4.436267316341400146e-01
4.251151680946350098e-01
3.479182124137878418e-01
4.003938138484954834e-01
4.181749820709228516e-01
4.302803874015808105e-01
4.366731941699981689e-01
4.412495195865631104e-01
4.458259940147399902e-01
4.503991305828094482e-01
4.549635350704193115e-01
5.657838582992553711e-01
6.155142784118652344e-01
6.240331530570983887e-01
6.309166550636291504e-01
6.361780166625976562e-01
6.398487687110900879e-01
6.303292512893676758e-01
6.202904582023620605e-01
6.097339391708374023e-01
5.986645221710205078e-01
5.811546444892883301e-01
5.623733401298522949e-01
5.423070788383483887e-01
5.209717750549316406e-01
5.059563517570495605e-01
4.909223318099975586e-01
4.758973121643066406e-01
4.609074592590332031e-01
4.501738548278808594e-01
4.390317797660827637e-01
4.275023937225341797e-01
4.156083166599273682e-01
4.102907776832580566e-01
4.034549593925476074e-01
3.967022597789764404e-01
4.157416224479675293e-01
4.262144565582275391e-01
4.323119819164276123e-01
4.384223818778991699e-01
4.445410370826721191e-01
4.506613314151763916e-01
5.427168011665344238e-01
5.900893211364746094e-01
5.993139147758483887e-01
6.067209243774414062e-01
6.123208999633789062e-01
6.161458492279052734e-01
6.066635847091674805e-01
5.968097448348999023e-01
5.865893363952636719e-01
5.760079026222229004e-01
5.621632933616638184e-01
5.478188395500183105e-01
5.329810976982116699e-01
5.176643729209899902e-01
4.971553385257720947e-01
4.765927195549011230e-01
4.560467302799224854e-01
4.355882108211517334e-01
4.300322532653808594e-01
4.243007600307464600e-01
4.183959662914276123e-01
4.123211205005645752e-01
4.123030900955200195e-01
4.108578264713287354e-01
4.079983234405517578e-01
4.037602841854095459e-01
3.749444782733917236e-01
4.012762606143951416e-01
4.157413840293884277e-01
4.233276247978210449e-01
4.309436678886413574e-01
4.385830461978912354e-01
5.192711353302001953e-01
5.641727447509765625e-01
5.740752220153808594e-01
5.819774270057678223e-01
5.878847241401672363e-01
5.918292999267578125e-01
5.824750661849975586e-01
5.728768110275268555e-01
5.630407929420471191e-01
5.529732704162597656e-01
5.429610013961791992e-01
5.328570008277893066e-01
5.226684808731079102e-01
5.124042630195617676e-01
4.853563010692596436e-01
4.580618143081665039e-01
4.306953847408294678e-01
4.034382700920104980e-01
4.016588628292083740e-01
3.998409807682037354e-01
3.979834616184234619e-01
3.960874974727630615e-01
4.006285071372985840e-01
4.040286540985107422e-01
4.062449038028717041e-01
4.072484970092773438e-01
4.103529155254364014e-01
4.079144895076751709e-01
3.869097530841827393e-01
4.052648842334747314e-01
4.143034815788269043e-01
4.233947396278381348e-01
4.325293004512786865e-01
4.955502152442932129e-01
5.378999710083007812e-01
5.484412312507629395e-01
5.568025112152099609e-01
5.629798769950866699e-01
5.670056343078613281e-01
5.578716397285461426e-01
5.485972166061401367e-01
5.391899347305297852e-01
5.296547412872314453e-01
5.236018300056457520e-01
5.175151228904724121e-01
5.113956928253173828e-01
5.052471756935119629e-01
4.707056283950805664e-01
4.356799721717834473e-01
3.951927423477172852e-01
4.059509932994842529e-01
4.114934206008911133e-01
4.116644859313964844e-01
4.066084623336791992e-01
4.914750754833221436e-01
3.726676404476165771e-01
4.052489995956420898e-01
4.157820641994476318e-01
4.263835549354553223e-01
4.713382720947265625e-01
5.103516578674316406e-01
5.225914120674133301e-01
5.326139926910400391e-01
5.404323339462280273e-01
5.461011528968811035e-01
5.361941456794738770e-01
5.262432098388671875e-01
5.162565708160400391e-01
5.062420964241027832e-01
5.063080787658691406e-01
5.063582658767700195e-01
5.063925385475158691e-01
5.064122080802917480e-01
4.707456231117248535e-01
4.340043663978576660e-01
4.075280427932739258e-01
4.200120866298675537e-01
4.279623627662658691e-01
4.124523103237152100e-01
5.003493428230285645e-01
5.973088145256042480e-01
3.655105233192443848e-01
4.054957926273345947e-01
4.174838960170745850e-01
4.463993310928344727e-01
4.814629852771759033e-01
4.953121542930603027e-01
5.069569349288940430e-01
5.164209604263305664e-01
5.237746238708496094e-01
5.135166049003601074e-01
5.032414793968200684e-01
4.929604530334472656e-01
4.826784729957580566e-01
4.889020025730133057e-01
4.951209723949432373e-01
5.013341903686523438e-01
5.075396299362182617e-01
4.705369174480438232e-01
4.317257106304168701e-01
4.090010225772857666e-01
4.282090067863464355e-01
4.223772585391998291e-01
4.081965684890747070e-01
5.092193484306335449e-01
6.135015487670898438e-01
3.610480427742004395e-01
3.904631137847900391e-01
4.154852628707885742e-01
4.360849559307098389e-01
3.583688735961914062e-01
4.514152407646179199e-01
4.667590558528900146e-01
4.799683094024658203e-01
4.910696148872375488e-01
5.001420974731445312e-01
4.899492859840393066e-01
4.797010719776153564e-01
4.694051146507263184e-01
4.590707123279571533e-01
4.714269638061523438e-01
4.838161766529083252e-01
4.962219297885894775e-01
5.086304545402526855e-01
4.700870811939239502e-01
4.114625751972198486e-01
4.067700803279876709e-01
3.939867913722991943e-01
3.730944395065307617e-01
5.180792808532714844e-01
6.294310688972473145e-01
5.578494668006896973e-01
3.760150074958801270e-01
4.081256389617919922e-01
4.347971081733703613e-01
4.556556940078735352e-01
4.708482027053833008e-01
4.494251012802124023e-01
4.204517900943756104e-01
4.371503591537475586e-01
4.518434405326843262e-01
4.645546972751617432e-01
4.753606617450714111e-01
4.656288027763366699e-01
4.557425081729888916e-01
4.457062184810638428e-01
4.355263411998748779e-01
4.539282023906707764e-01
4.724556207656860352e-01
4.910581111907958984e-01
5.096850395202636719e-01
4.694023728370666504e-01
3.703153133392333984e-01
4.025859832763671875e-01
5.269236564636230469e-01
6.450672149658203125e-01
5.635337233543395996e-01
4.773640334606170654e-01
4.248920977115631104e-01
4.552650749683380127e-01
4.789083898067474365e-01
4.955124258995056152e-01
5.053275227546691895e-01
4.821931123733520508e-01
4.541701376438140869e-01
4.101197719573974609e-01
4.252488017082214355e-01
4.386675953865051270e-01
4.504190683364868164e-01
4.421409070491790771e-01
4.338875412940979004e-01
4.256622791290283203e-01
4.174709916114807129e-01
4.310647845268249512e-01
4.447622001171112061e-01
4.585423469543457031e-01
4.723851084709167480e-01
4.418199658393859863e-01
4.105812907218933105e-01
4.279622733592987061e-01
6.276035904884338379e-01
5.433833003044128418e-01
4.554086625576019287e-01
4.006207883358001709e-01
4.401379823684692383e-01
4.734067320823669434e-01
4.998167455196380615e-01
5.194751024246215820e-01
4.896215200424194336e-01
4.554727375507354736e-01
3.836107552051544189e-01
3.990781009197235107e-01
4.131084084510803223e-01
4.257138669490814209e-01
4.249636828899383545e-01
4.340161681175231934e-01
4.126134812831878662e-01
4.402235448360443115e-01
4.402785897254943848e-01
5.221586823463439941e-01
4.251207113265991211e-01
4.679117202758789062e-01
5.041215419769287109e-01
5.335915088653564453e-01
4.970254302024841309e-01
4.566885530948638916e-01
3.598199784755706787e-01
4.086998999118804932e-01
4.475742578506469727e-01
4.557493329048156738e-01
4.102398753166198730e-01
4.624231457710266113e-01
5.084254145622253418e-01
5.476538538932800293e-01
5.044004917144775391e-01
4.578132629394531250e-01
3.759036660194396973e-01
4.497075080871582031e-01
4.676107764244079590e-01
4.550676941871643066e-01
3.955217599868774414e-01
4.569441676139831543e-01
5.127270817756652832e-01
5.616400837898254395e-01
5.117437243461608887e-01
4.588448405265808105e-01
3.917708992958068848e-01
4.228636026382446289e-01
4.567541778087615967e-01
4.671483933925628662e-01
4.544893503189086914e-01
3.762245476245880127e-01
4.357127547264099121e-01
4.908269941806793213e-01
5.402362346649169922e-01
4.985308945178985596e-01
4.547621309757232666e-01
3.941303789615631104e-01
3.987396359443664551e-01
4.468679130077362061e-01
4.630727469921112061e-01
4.636454284191131592e-01
4.483427107334136963e-01
3.570439517498016357e-01
4.145524501800537109e-01
4.688886404037475586e-01
5.186649560928344727e-01
4.853109121322631836e-01
4.505924284458160400e-01
3.964931666851043701e-01
4.064953327178955078e-01
4.555167257785797119e-01
4.612432122230529785e-01
4.653604030609130859e-01
4.711199700832366943e-01
4.686671197414398193e-01
4.570052325725555420e-01
4.358461201190948486e-01
3.380487263202667236e-01
3.935439288616180420e-01
4.469992220401763916e-01
4.970050454139709473e-01
4.721009433269500732e-01
4.463356137275695801e-01
3.988598287105560303e-01
4.142411351203918457e-01
4.864643514156341553e-01
5.039027333259582520e-01
5.211288928985595703e-01
5.173423886299133301e-01
5.134797692298889160e-01
5.095385313034057617e-01
5.055161714553833008e-01
5.091708302497863770e-01
5.117792487144470215e-01
5.132178664207458496e-01
5.133626461029052734e-01
4.955070912837982178e-01
4.735471606254577637e-01
4.472230970859527588e-01
4.165536165237426758e-01
3.727672994136810303e-01
4.252426624298095703e-01
4.753383994102478027e-01
4.589207172393798828e-01
4.419890344142913818e-01
4.012303352355957031e-01
4.219737052917480469e-01
4.817337989807128906e-01
5.030569434165954590e-01
5.065000057220458984e-01
5.097009539604187012e-01
5.126453042030334473e-01
5.153167843818664551e-01
5.078740715980529785e-01
4.999145865440368652e-01
4.914061129093170166e-01
4.823206365108489990e-01
4.660074114799499512e-01
4.463800191879272461e-01
4.232878684997558594e-01
3.967761397361755371e-01
4.073426127433776855e-01
4.469905197620391846e-01
4.122655689716339111e-01
4.389257431030273438e-01
4.843971729278564453e-01
4.946767389774322510e-01
5.044215321540832520e-01
5.135790705680847168e-01
5.220982432365417480e-01
5.045723319053649902e-01
4.869069159030914307e-01
4.691439568996429443e-01
4.513255059719085693e-01
4.367271661758422852e-01
4.195235967636108398e-01
3.996385633945465088e-01
3.771208226680755615e-01
4.230004549026489258e-01
4.549929201602935791e-01
4.651427268981933594e-01
4.817633330821990967e-01
4.974191486835479736e-01
5.119776129722595215e-01
5.253193974494934082e-01
4.989950358867645264e-01
4.726724326610565186e-01
4.464983046054840088e-01
4.206149280071258545e-01
4.078650176525115967e-01
3.931320011615753174e-01
3.763811588287353516e-01
3.576565384864807129e-01
4.334158003330230713e-01
4.700863659381866455e-01
4.676510393619537354e-01
4.884671568870544434e-01
5.074760913848876953e-01
5.244559645652770996e-01
4.908855557441711426e-01
4.571444392204284668e-01
4.235500395298004150e-01
4.434987902641296387e-01
4.841355681419372559e-01
4.388832449913024902e-01
4.589871466159820557e-01
4.769342839717864990e-01
4.924208521842956543e-01
4.636006653308868408e-01
4.349940121173858643e-01
4.067870676517486572e-01
4.205841124057769775e-01
4.661109447479248047e-01
4.297891259193420410e-01
4.465205073356628418e-01
4.603011608123779297e-01
4.360108673572540283e-01
4.119907021522521973e-01
3.883503377437591553e-01
4.484979808330535889e-01
4.887612164020538330e-01
4.164600074291229248e-01
4.283612966537475586e-01
4.082859456539154053e-01
3.882340788841247559e-01
3.682793378829956055e-01
4.329825639724731445e-01
4.766001403331756592e-01
5.113550424575805664e-01
3.968635201454162598e-01
3.806082308292388916e-01
3.638611733913421631e-01
3.466884195804595947e-01
3.611800074577331543e-01
4.666728079319000244e-01
5.047087073326110840e-01
5.337991714477539062e-01
3.837457597255706787e-01
4.457953572273254395e-01
4.908619821071624756e-01
5.189609527587890625e-01
4.730719625949859619e-01
5.129891037940979004e-01
5.318505167961120605e-01
4.585450291633605957e-01
4.984993636608123779e-01
5.328509211540222168e-01
5.433446168899536133e-01
4.472891092300415039e-01
4.871814846992492676e-01
5.217952728271484375e-01
5.503271818161010742e-01
4.566759765148162842e-01
4.916966855525970459e-01
5.226688981056213379e-01
5.490971207618713379e-01
4.320143163204193115e-01
4.650798439979553223e-01
4.956931769847869873e-01
5.233852267265319824e-01
5.478641390800476074e-01
4.440318346023559570e-01
4.724323451519012451e-01
4.991561472415924072e-01
5.239443182945251465e-01
5.466277599334716797e-01
4.542872309684753418e-01
4.786734282970428467e-01
5.020720958709716797e-01
5.243447422981262207e-01
5.453881621360778809e-01
4.217303693294525146e-01
4.453215301036834717e-01
4.677519500255584717e-01
4.888366162776947021e-01
5.084384083747863770e-01
4.112347066402435303e-01
4.327989220619201660e-01
4.527777731418609619e-01
4.165695607662200928e-01
3.874918818473815918e-01
3.461983799934387207e-01
4.204230010509490967e-01
4.242501854896545410e-01
4.252366721630096436e-01
4.243847131729125977e-01
4.064344167709350586e-01
4.503012001514434814e-01
4.469054043292999268e-01
4.412825107574462891e-01
4.332672357559204102e-01
4.227469563484191895e-01
4.070889353752136230e-01
4.232117533683776855e-01
4.813932478427886963e-01
4.694170653820037842e-01
4.544420242309570312e-01
4.363479614257812500e-01
4.151471257209777832e-01
4.051918983459472656e-01
3.902041912078857422e-01
4.074800908565521240e-01
4.651735126972198486e-01
4.458215832710266113e-01
4.255771934986114502e-01
4.045023322105407715e-01
3.826873600482940674e-01
4.478735923767089844e-01
4.223265647888183594e-01
3.970929086208343506e-01
4.294995069503784180e-01
3.990375399589538574e-01
4.100894629955291748e-01
3.490551710128784180e-01
3.400166630744934082e-01
3.710800111293792725e-01
3.560639619827270508e-01
3.935650587081909180e-01
3.723106980323791504e-01
3.686309754848480225e-01
4.910140335559844971e-01
4.448388814926147461e-01
5.013531446456909180e-01
4.619459509849548340e-01
4.526039958000183105e-01
5.103031992912292480e-01
4.773142337799072266e-01
4.576376676559448242e-01
4.943366646766662598e-01
5.146660804748535156e-01
4.930503368377685547e-01
4.500918686389923096e-01
4.867555201053619385e-01
5.225631594657897949e-01
5.189098119735717773e-01
5.082705020904541016e-01
4.791339933872222900e-01
5.149695277214050293e-01
5.496327877044677734e-01
5.230339169502258301e-01
5.229300260543823242e-01
5.072746872901916504e-01
5.420237779617309570e-01
5.753444433212280273e-01
5.270383954048156738e-01
5.369912385940551758e-01
5.342469811439514160e-01
5.677066445350646973e-01
5.995444655418395996e-01
5.335793495178222656e-01
5.532750487327575684e-01
5.590398907661437988e-01
5.887436866760253906e-01
6.162294149398803711e-01
5.386313796043395996e-01
5.682972669601440430e-01
5.827633142471313477e-01
6.081762313842773438e-01
6.307335495948791504e-01
6.504300236701965332e-01
5.820394158363342285e-01
6.053136587142944336e-01
6.259601712226867676e-01
6.430643200874328613e-01
6.567140817642211914e-01
5.945039987564086914e-01
6.266171336174011230e-01
6.420860886573791504e-01
6.532672047615051270e-01
6.603240966796875000e-01
6.067928671836853027e-01
6.511492133140563965e-01
6.574681401252746582e-01
6.598571538925170898e-01
6.584264039993286133e-01
5.516710281372070312e-01
6.186723709106445312e-01
6.737764477729797363e-01
6.714294552803039551e-01
6.653525829315185547e-01
5.552796125411987305e-01
6.301411986351013184e-01
6.945179104804992676e-01
6.840264797210693359e-01
6.698007583618164062e-01
5.588788986206054688e-01
6.412005424499511719e-01
7.134333252906799316e-01
6.953282356262207031e-01
6.732528209686279297e-01
4.579792022705078125e-01
5.422729253768920898e-01
6.226481795310974121e-01
6.953203678131103516e-01
6.781730055809020996e-01
6.575123071670532227e-01
4.456679821014404297e-01
5.255530476570129395e-01
6.034228801727294922e-01
6.756902933120727539e-01
6.598124504089355469e-01
6.408776640892028809e-01
4.333448410034179688e-01
5.087561607360839844e-01
5.835673809051513672e-01
6.545238494873046875e-01
6.402541399002075195e-01
6.233676671981811523e-01
4.210249185562133789e-01
4.919200837612152100e-01
5.631344914436340332e-01
6.318309307098388672e-01
6.195250153541564941e-01
6.050155758857727051e-01
5.884277224540710449e-01
4.294675588607788086e-01
4.959466159343719482e-01
5.624117255210876465e-01
6.265618801116943359e-01
6.176400780677795410e-01
6.062489748001098633e-01
5.925547480583190918e-01
3.738679885864257812e-01
4.356549382209777832e-01
4.987885951995849609e-01
5.612665414810180664e-01
6.212137937545776367e-01
6.157407164573669434e-01
6.074807047843933105e-01
3.787073194980621338e-01
4.394672513008117676e-01
5.004040598869323730e-01
5.596879720687866211e-01
6.157860159873962402e-01
6.138273477554321289e-01
6.087111234664916992e-01
3.797136843204498291e-01
4.408393204212188721e-01
5.007634758949279785e-01
5.576660037040710449e-01
6.102789044380187988e-01
6.118998527526855469e-01
6.099391579627990723e-01
6.047807931900024414e-01
3.669578731060028076e-01
3.855611979961395264e-01
4.436128735542297363e-01
5.002079010009765625e-01
5.537948608398437500e-01
6.033198237419128418e-01
6.034699082374572754e-01
5.992846488952636719e-01
5.912589430809020996e-01
3.727104365825653076e-01
3.913993835449218750e-01
4.463435709476470947e-01
4.996049106121063232e-01
5.498697757720947266e-01
5.962753295898437500e-01
5.949773192405700684e-01
5.885106921195983887e-01
5.775051116943359375e-01
3.782947659492492676e-01
3.972261250019073486e-01
4.490317702293395996e-01
4.989542961120605469e-01
5.458923578262329102e-01
5.891454219818115234e-01
5.864271521568298340e-01
5.776267647743225098e-01
5.635401010513305664e-01
3.837051689624786377e-01
4.030392467975616455e-01
4.516768753528594971e-01
4.982563555240631104e-01
5.418620705604553223e-01
5.819333195686340332e-01
5.778238177299499512e-01
5.666425228118896484e-01
3.844404816627502441e-01
4.142066836357116699e-01
4.569897949695587158e-01
4.967014789581298828e-01
5.327431559562683105e-01
5.648750662803649902e-01
5.616860985755920410e-01
5.534312129020690918e-01
3.851741850376129150e-01
4.254385530948638916e-01
4.621899425983428955e-01
4.948490560054779053e-01
5.230714678764343262e-01
5.468675494194030762e-01
5.452072620391845703e-01
5.401391386985778809e-01
3.859059810638427734e-01
4.367240667343139648e-01
4.672748148441314697e-01
4.927006959915161133e-01
5.128600001335144043e-01
5.279654264450073242e-01
5.284237861633300781e-01
4.480512440204620361e-01
4.722425639629364014e-01
4.902580380439758301e-01
5.021261572837829590e-01
5.082417726516723633e-01
5.113764405250549316e-01
4.367529153823852539e-01
4.608313143253326416e-01
4.768920838832855225e-01
4.853180944919586182e-01
4.877839088439941406e-01
4.309926927089691162e-01
4.515747129917144775e-01
4.624479711055755615e-01
4.263033866882324219e-01
3.462759554386138916e-01
3.728773593902587891e-01
3.966480493545532227e-01
4.173638820648193359e-01
4.350086152553558350e-01
4.364422559738159180e-01
4.377565979957580566e-01
4.389489591121673584e-01
4.400171637535095215e-01
4.132595062255859375e-01
