5.044658184051513672e-01
5.074279904365539551e-01
5.096850395202636719e-01
5.114174485206604004e-01
5.127599239349365234e-01
5.298238396644592285e-01
5.439670681953430176e-01
5.576088428497314453e-01
5.708146691322326660e-01
5.836388468742370605e-01
5.467871427536010742e-01
5.090776681900024414e-01
5.545284152030944824e-01
5.791949629783630371e-01
6.032952666282653809e-01
6.267512440681457520e-01
6.494936347007751465e-01
6.221558451652526855e-01
5.935536623001098633e-01
5.639286041259765625e-01
5.335427522659301758e-01
5.434404611587524414e-01
5.656753182411193848e-01
5.874318480491638184e-01
6.086656451225280762e-01
6.293352842330932617e-01
6.086697578430175781e-01
5.873048305511474609e-01
5.653525590896606445e-01
5.429311990737915039e-01
5.322620868682861328e-01
5.520161390304565430e-01
5.713451504707336426e-01
5.902339220046997070e-01
6.086684465408325195e-01
5.949552655220031738e-01
5.809147357940673828e-01
5.665899515151977539e-01
5.520219802856445312e-01
5.209978222846984863e-01
5.382332801818847656e-01
5.550636649131774902e-01
5.715010762214660645e-01
5.875548720359802246e-01
5.810167193412780762e-01
5.743479132652282715e-01
5.675617456436157227e-01
5.606683492660522461e-01
5.096521377563476562e-01
5.243417024612426758e-01
5.386165976524353027e-01
5.525134801864624023e-01
5.660638213157653809e-01
5.668562650680541992e-01
5.675525069236755371e-01
5.681465864181518555e-01
5.686315894126892090e-01
5.034487247467041016e-01
5.272268652915954590e-01
5.506885647773742676e-01
5.444166660308837891e-01
5.380480885505676270e-01
5.315837264060974121e-01
5.250210165977478027e-01
5.017248392105102539e-01
5.351731181144714355e-01
5.217423439025878906e-01
5.082069039344787598e-01
4.945867955684661865e-01
5.195474624633789062e-01
4.989296793937683105e-01
5.038462281227111816e-01
