4.396848678588867188e-01
4.936845004558563232e-01
5.296711921691894531e-01
5.648162961006164551e-01
5.987218022346496582e-01
6.310365796089172363e-01
6.030800938606262207e-01
5.717049837112426758e-01
5.374537706375122070e-01
5.009191632270812988e-01
4.778601825237274170e-01
4.533554017543792725e-01
4.275547266006469727e-01
4.006625711917877197e-01
3.818000257015228271e-01
3.630864322185516357e-01
3.445677757263183594e-01
3.262881636619567871e-01
3.245979845523834229e-01
4.827324151992797852e-01
5.066496133804321289e-01
5.303277373313903809e-01
5.536361932754516602e-01
5.764471888542175293e-01
5.595291256904602051e-01
5.410203337669372559e-01
5.211330056190490723e-01
5.000680088996887207e-01
4.879754185676574707e-01
4.756691753864288330e-01
4.631753563880920410e-01
4.505215287208557129e-01
4.313946664333343506e-01
4.547168612480163574e-01
4.692349135875701904e-01
4.833019673824310303e-01
4.969257712364196777e-01
4.901255071163177490e-01
4.827179312705993652e-01
4.747648239135742188e-01
4.663208425045013428e-01
4.812717437744140625e-01
4.855222105979919434e-01
4.948787689208984375e-01
5.037115216255187988e-01
5.119467377662658691e-01
4.864705204963684082e-01
4.804141819477081299e-01
4.836469590663909912e-01
4.866618812084197998e-01
4.894386827945709229e-01
4.919562637805938721e-01
4.850153923034667969e-01
4.817509055137634277e-01
4.784221351146697998e-01
4.750266671180725098e-01
4.715619981288909912e-01
4.764384031295776367e-01
4.895085096359252930e-01
4.798339009284973145e-01
4.805234968662261963e-01
4.938856065273284912e-01
4.778958559036254883e-01
4.893319308757781982e-01
4.949425756931304932e-01
5.003774166107177734e-01
4.896801710128784180e-01
4.974921941757202148e-01
5.050868391990661621e-01
5.124327540397644043e-01
5.194973945617675781e-01
5.016237497329711914e-01
4.836850166320800781e-01
5.014439821243286133e-01
5.110523700714111328e-01
5.203272104263305664e-01
5.292190909385681152e-01
5.376743674278259277e-01
5.217280983924865723e-01
5.056477785110473633e-01
4.894694089889526367e-01
5.128997564315795898e-01
5.241675376892089844e-01
5.349404811859130859e-01
5.451424121856689453e-01
5.546919107437133789e-01
5.409172177314758301e-01
5.269290804862976074e-01
5.127574801445007324e-01
4.984341263771057129e-01
5.147745013236999512e-01
5.216418504714965820e-01
5.281307101249694824e-01
5.341935753822326660e-01
5.397800207138061523e-01
5.259339213371276855e-01
5.119158625602722168e-01
4.977548718452453613e-01
4.834804832935333252e-01
4.902645647525787354e-01
5.165661573410034180e-01
5.190572738647460938e-01
5.212661027908325195e-01
5.231639742851257324e-01
5.247192978858947754e-01
5.108571052551269531e-01
4.968540072441101074e-01
4.827356934547424316e-01
4.979611635208129883e-01
5.182703137397766113e-01
5.164121389389038086e-01
5.143500566482543945e-01
5.120664834976196289e-01
5.095426440238952637e-01
4.957165718078613281e-01
4.817710816860198975e-01
4.908354878425598145e-01
5.055190324783325195e-01
5.198824405670166016e-01
5.137056708335876465e-01
5.073855519294738770e-01
5.009141564369201660e-01
4.942832887172698975e-01
4.805426001548767090e-01
4.984425604343414307e-01
5.151606798171997070e-01
5.314830541610717773e-01
5.270905494689941406e-01
5.225530862808227539e-01
5.178603529930114746e-01
5.130027532577514648e-01
4.953992962837219238e-01
4.777204096317291260e-01
4.868952929973602295e-01
5.060068964958190918e-01
5.247295498847961426e-01
5.429618954658508301e-01
5.403478741645812988e-01
5.375875234603881836e-01
5.346695780754089355e-01
5.315831899642944336e-01
5.101733803749084473e-01
4.886720478534698486e-01
4.923533797264099121e-01
5.135223865509033203e-01
5.342141985893249512e-01
5.543019175529479980e-01
5.534539818763732910e-01
5.524567365646362305e-01
5.512984991073608398e-01
5.499667525291442871e-01
5.248335003852844238e-01
4.995333254337310791e-01
4.741980731487274170e-01
4.977774918079376221e-01
5.209818482398986816e-01
5.436041951179504395e-01
5.654858946800231934e-01
5.663859248161315918e-01
5.671302080154418945e-01
5.677053332328796387e-01
5.680977106094360352e-01
5.393488407135009766e-01
5.102878212928771973e-01
4.811125099658966064e-01
4.783968925476074219e-01
4.868905842304229736e-01
5.189912915229797363e-01
5.402016043663024902e-01
5.607754588127136230e-01
5.805810093879699707e-01
5.994945764541625977e-01
5.971856117248535156e-01
5.947551131248474121e-01
5.921945571899414062e-01
5.894955396652221680e-01
5.595477223396301270e-01
5.290232896804809570e-01
4.981512129306793213e-01
4.720160067081451416e-01
4.785896241664886475e-01
5.139432549476623535e-01
5.631364583969116211e-01
5.816057324409484863e-01
5.992907881736755371e-01
6.160880923271179199e-01
6.319017410278320312e-01
6.266297698020935059e-01
6.212465763092041016e-01
6.157479286193847656e-01
6.101298928260803223e-01
5.793305039405822754e-01
5.475907921791076660e-01
5.151683688163757324e-01
4.823486208915710449e-01
4.749804139137268066e-01
4.962380826473236084e-01
5.524829626083374023e-01
6.058713793754577637e-01
6.213974952697753906e-01
6.360541582107543945e-01
6.497583389282226562e-01
6.624318957328796387e-01
6.545068025588989258e-01
6.464457511901855469e-01
6.382488608360290527e-01
6.299172639846801758e-01
5.986302495002746582e-01
5.659372210502624512e-01
5.321241021156311035e-01
4.975244402885437012e-01
4.860011041164398193e-01
4.741542339324951172e-01
5.291220545768737793e-01
5.900928378105163574e-01
6.465706825256347656e-01
6.590807437896728516e-01
6.706841588020324707e-01
6.813089847564697266e-01
6.908850669860839844e-01
6.806578636169433594e-01
6.702289581298828125e-01
6.596041321754455566e-01
6.487900018692016602e-01
6.173865795135498047e-01
5.840131640434265137e-01
5.489800572395324707e-01
5.126750469207763672e-01
4.969949424266815186e-01
4.809703826904296875e-01
5.270430445671081543e-01
5.880146026611328125e-01
6.445794105529785156e-01
6.567796468734741211e-01
6.682354211807250977e-01
6.788966059684753418e-01
6.887131929397583008e-01
6.798885464668273926e-01
6.708870530128479004e-01
6.617097854614257812e-01
6.523590683937072754e-01
6.219691634178161621e-01
5.898625254631042480e-01
5.563009381294250488e-01
5.216066837310791016e-01
5.109903216361999512e-01
5.000301599502563477e-01
4.887675940990447998e-01
4.772432148456573486e-01
4.777429997920989990e-01
4.780683517456054688e-01
4.781948029994964600e-01
4.780955910682678223e-01
5.249431729316711426e-01
5.859099030494689941e-01
6.425557732582092285e-01
6.544589400291442871e-01
6.657582521438598633e-01
6.764165759086608887e-01
6.863988637924194336e-01
6.790227890014648438e-01
6.714800000190734863e-01
6.637677550315856934e-01
6.558838486671447754e-01
6.265192031860351562e-01
5.956581830978393555e-01
5.635235905647277832e-01
5.303865075111389160e-01
5.248041749000549316e-01
5.188978314399719238e-01
5.126948952674865723e-01
5.062223672866821289e-01
5.055117011070251465e-01
5.046810507774353027e-01
5.037181377410888672e-01
5.026100277900695801e-01
5.228213071823120117e-01
5.837789773941040039e-01
6.405004262924194336e-01
6.521193981170654297e-01
6.632523536682128906e-01
6.738703846931457520e-01
6.839468479156494141e-01
6.780636310577392578e-01
6.720101833343505859e-01
6.657796502113342285e-01
6.593654155731201172e-01
6.310362219810485840e-01
6.013981699943542480e-01
5.706430077552795410e-01
5.390008687973022461e-01
5.384054183959960938e-01
5.375050306320190430e-01
5.363223552703857422e-01
5.348784327507019043e-01
5.330307483673095703e-01
5.311073064804077148e-01
5.291044712066650391e-01
5.270167589187622070e-01
4.845552444458007812e-01
5.206762552261352539e-01
5.816220045089721680e-01
6.384146809577941895e-01
6.497628092765808105e-01
6.607187986373901367e-01
6.712596416473388672e-01
6.813623309135437012e-01
6.770146489143371582e-01
6.724798083305358887e-01
6.677468419075012207e-01
6.628040671348571777e-01
6.355193257331848145e-01
6.070802807807922363e-01
5.776541829109191895e-01
5.474371314048767090e-01
5.517638325691223145e-01
5.557864308357238770e-01
5.595256090164184570e-01
5.629999041557312012e-01
5.601193308830261230e-01
5.571920871734619141e-01
5.542175769805908203e-01
5.511956214904785156e-01
5.075072050094604492e-01
5.409626960754394531e-01
6.007816195487976074e-01
6.562764048576354980e-01
6.645557284355163574e-01
6.725081205368041992e-01
6.801190972328186035e-01
6.873746514320373535e-01
6.844338178634643555e-01
6.812848448753356934e-01
6.779143810272216797e-01
6.743070483207702637e-01
6.485636234283447266e-01
6.216937303543090820e-01
5.938318371772766113e-01
5.651402473449707031e-01
5.611310005187988281e-01
5.566880702972412109e-01
5.518522262573242188e-01
5.466591119766235352e-01
5.447878837585449219e-01
5.428506135940551758e-01
5.408436655998229980e-01
5.387641787528991699e-01
4.962164163589477539e-01
4.996039271354675293e-01
5.610148310661315918e-01
6.195653676986694336e-01
6.736205220222473145e-01
6.789689064025878906e-01
6.840333938598632812e-01
6.888003945350646973e-01
6.932572126388549805e-01
6.916725635528564453e-01
6.898447871208190918e-01
6.877569556236267090e-01
6.853912472724914551e-01
6.611560583114624023e-01
6.358332037925720215e-01
6.095302700996398926e-01
5.823784470558166504e-01
5.703120827674865723e-01
5.575333833694458008e-01
5.441183447837829590e-01
5.301411151885986328e-01
5.293260216712951660e-01
5.284143686294555664e-01
5.273990035057067871e-01
5.262710452079772949e-01
4.849176704883575439e-01
5.203755497932434082e-01
5.807627439498901367e-01
6.379200220108032227e-01
6.904060840606689453e-01
6.929797530174255371e-01
6.952835917472839355e-01
6.972991824150085449e-01
6.990078091621398926e-01
6.987278461456298828e-01
6.981547474861145020e-01
6.972686052322387695e-01
6.960476636886596680e-01
6.732814908027648926e-01
6.494748592376708984e-01
6.247125267982482910e-01
5.991001725196838379e-01
5.792950391769409180e-01
5.583199858665466309e-01
5.363274216651916504e-01
5.134862661361694336e-01
5.137649178504943848e-01
5.139087438583374023e-01
5.139036774635314941e-01
5.137321949005126953e-01
4.736230671405792236e-01
4.839657843112945557e-01
5.089416503906250000e-01
5.409036278724670410e-01
6.001425385475158691e-01
6.557986736297607422e-01
7.065982818603515625e-01
7.065692543983459473e-01
7.062492966651916504e-01
7.056110501289367676e-01
7.046248316764831543e-01
7.055965065956115723e-01
7.062110900878906250e-01
7.064442634582519531e-01
7.062699794769287109e-01
6.849275827407836914e-01
6.625985503196716309e-01
6.393482089042663574e-01
6.152603626251220703e-01
5.880697369575500488e-01
5.590449571609497070e-01
5.284845829010009766e-01
4.967361092567443848e-01
4.981365501880645752e-01
4.993585646152496338e-01
5.003771185874938965e-01
5.011637806892395020e-01
4.864103794097900391e-01
4.906787872314453125e-01
4.947680830955505371e-01
5.503985285758972168e-01
6.041060090065002441e-01
6.546269059181213379e-01
7.010073661804199219e-01
7.014888525009155273e-01
7.016223669052124023e-01
7.013735771179199219e-01
7.007049322128295898e-01
7.025231719017028809e-01
7.039838433265686035e-01
7.050662040710449219e-01
7.057471871376037598e-01
6.856371760368347168e-01
6.646719574928283691e-01
6.429052948951721191e-01
6.204050183296203613e-01
5.939217805862426758e-01
5.657138824462890625e-01
5.360389947891235352e-01
5.052023530006408691e-01
4.993036389350891113e-01
4.932716488838195801e-01
4.871099889278411865e-01
4.808203577995300293e-01
4.869215190410614014e-01
4.928117394447326660e-01
4.985598921775817871e-01
5.041819214820861816e-01
5.096908211708068848e-01
5.597867965698242188e-01
6.079970598220825195e-01
6.533912420272827148e-01
6.952638626098632812e-01
6.963016986846923828e-01
6.969149112701416016e-01
6.970588564872741699e-01
6.966849565505981445e-01
6.993616819381713867e-01
7.016782760620117188e-01
7.036156654357910156e-01
7.051542997360229492e-01
6.862561702728271484e-01
6.666220426559448242e-01
6.462960243225097656e-01
6.253330111503601074e-01
5.995016694068908691e-01
5.720471143722534180e-01
5.431939363479614258e-01
5.132103562355041504e-01
5.003189444541931152e-01
4.871616661548614502e-01
4.737810492515563965e-01
4.962108135223388672e-01
5.034719705581665039e-01
5.105959773063659668e-01
5.176011323928833008e-01
5.245023965835571289e-01
5.690543651580810547e-01
6.118034124374389648e-01
6.520742774009704590e-01
6.893457770347595215e-01
6.909987330436706543e-01
6.921235918998718262e-01
6.926646232604980469e-01
6.925606727600097656e-01
6.961094141006469727e-01
6.992912888526916504e-01
7.020902633666992188e-01
7.044898271560668945e-01
6.867826581001281738e-01
6.684460639953613281e-01
6.495160460472106934e-01
6.300370097160339355e-01
6.047973632812500000e-01
5.780246853828430176e-01
5.499159097671508789e-01
5.207073092460632324e-01
5.011723041534423828e-01
4.810292124748229980e-01
5.051369071006774902e-01
5.139070749282836914e-01
5.224900841712951660e-01
5.309051871299743652e-01
5.391690731048583984e-01
5.781854391098022461e-01
6.155101060867309570e-01
6.506521105766296387e-01
6.832215785980224609e-01
6.855676770210266113e-01
6.872447133064270020e-01
6.881891489028930664e-01
6.883283257484436035e-01
6.927624344825744629e-01
6.968202590942382812e-01
7.004879117012023926e-01
7.037516236305236816e-01
6.872141361236572266e-01
6.701403856277465820e-01
6.525609493255615234e-01
6.345107555389404297e-01
6.097971796989440918e-01
5.836266279220581055e-01
5.561708807945251465e-01
5.276390910148620605e-01
5.018529295921325684e-01
4.748738408088684082e-01
5.159046053886413574e-01
5.227681398391723633e-01
5.294927358627319336e-01
5.360912084579467773e-01
5.425749421119689941e-01
5.805591940879821777e-01
6.168588995933532715e-01
6.510058641433715820e-01
6.826227307319641113e-01
6.878113746643066406e-01
6.921742558479309082e-01
6.956210136413574219e-01
6.980530619621276855e-01
6.964226961135864258e-01
6.946032643318176270e-01
6.925851106643676758e-01
6.903560161590576172e-01
6.768127083778381348e-01
6.629347205162048340e-01
6.487395167350769043e-01
6.342460513114929199e-01
6.056032180786132812e-01
5.750158429145812988e-01
5.427693724632263184e-01
5.092149972915649414e-01
4.861636459827423096e-01
5.265259742736816406e-01
5.315294265747070312e-01
5.364257693290710449e-01
5.412241816520690918e-01
5.459344983100891113e-01
5.828906893730163574e-01
6.181694269180297852e-01
6.513227224349975586e-01
6.819829344749450684e-01
6.900293827056884766e-01
6.970331072807312012e-01
7.028788328170776367e-01
7.074405550956726074e-01
6.999976634979248047e-01
6.923656463623046875e-01
6.845406889915466309e-01
6.765198707580566406e-01
6.661459803581237793e-01
6.555833220481872559e-01
6.448402404785156250e-01
6.339252591133117676e-01
6.012489199638366699e-01
5.660635232925415039e-01
5.288137197494506836e-01
4.900510013103485107e-01
4.701394140720367432e-01
5.370084047317504883e-01
5.401931405067443848e-01
5.432896614074707031e-01
5.463056564331054688e-01
5.492494702339172363e-01
5.851816534996032715e-01
6.194435358047485352e-01
6.516032218933105469e-01
6.813014149665832520e-01
6.922209262847900391e-01
7.018207907676696777e-01
7.099591493606567383e-01
7.164829373359680176e-01
7.034850716590881348e-01
6.901059746742248535e-01
6.763579249382019043e-01
6.622558236122131348e-01
6.552202105522155762e-01
6.480886340141296387e-01
6.408639550209045410e-01
6.335483193397521973e-01
5.967392325401306152e-01
5.567889213562011719e-01
5.143595933914184570e-01
4.702791869640350342e-01
4.853775799274444580e-01
5.473572611808776855e-01
5.487620830535888672e-01
5.500857830047607422e-01
5.513365268707275391e-01
5.525215864181518555e-01
5.874334573745727539e-01
6.206815242767333984e-01
6.518476605415344238e-01
6.805770397186279297e-01
6.943844556808471680e-01
7.065358161926269531e-01
7.168586850166320801e-01
7.251727581024169922e-01
7.068822383880615234e-01
6.878238320350646973e-01
6.680393815040588379e-01
6.475798487663269043e-01
6.440430283546447754e-01
6.404533982276916504e-01
6.368113160133361816e-01
6.331166028976440430e-01
5.920795798301696777e-01
5.472114086151123047e-01
4.994665384292602539e-01
4.751154780387878418e-01
5.386936068534851074e-01
5.491842627525329590e-01
5.595810413360595703e-01
5.698759555816650391e-01
5.800607800483703613e-01
6.089560389518737793e-01
6.363319158554077148e-01
6.619095802307128906e-01
6.854411363601684570e-01
6.898176074028015137e-01
6.933956146240234375e-01
6.960719227790832520e-01
6.977320909500122070e-01
6.877748966217041016e-01
6.775303483009338379e-01
6.670083403587341309e-01
6.562169790267944336e-01
6.476638913154602051e-01
6.389473676681518555e-01
6.300719976425170898e-01
6.210430860519409180e-01
5.884218215942382812e-01
5.535097718238830566e-01
5.167631506919860840e-01
4.787291288375854492e-01
5.299329757690429688e-01
5.495537519454956055e-01
5.689216256141662598e-01
5.879672765731811523e-01
6.066242456436157227e-01
6.296417117118835449e-01
6.513429880142211914e-01
6.715368628501892090e-01
6.900376677513122559e-01
6.851134300231933594e-01
6.797806024551391602e-01
6.739886403083801270e-01
6.676827073097229004e-01
6.673883795738220215e-01
6.667968630790710449e-01
6.659057140350341797e-01
6.647095084190368652e-01
6.512348055839538574e-01
6.373537182807922363e-01
6.230843067169189453e-01
6.084474325180053711e-01
5.846782326698303223e-01
5.597426295280456543e-01
5.338114500045776367e-01
5.070811510086059570e-01
4.720050096511840820e-01
4.708094298839569092e-01
5.210860371589660645e-01
5.498691201210021973e-01
5.780881643295288086e-01
6.055230498313903809e-01
6.319671273231506348e-01
6.493500471115112305e-01
6.656364202499389648e-01
6.806824207305908203e-01
6.943352818489074707e-01
6.802545785903930664e-01
6.656964421272277832e-01
6.506646871566772461e-01
6.351664066314697266e-01
6.457726359367370605e-01
6.556336283683776855e-01
6.647325754165649414e-01
6.730527877807617188e-01
6.547554731369018555e-01
6.356746554374694824e-01
6.158552169799804688e-01
5.953542590141296387e-01
5.808495879173278809e-01
5.659045577049255371e-01
5.505585074424743652e-01
5.348556041717529297e-01
4.891874790191650391e-01
4.726810157299041748e-01
4.825893938541412354e-01
5.121629238128662109e-01
5.501289367675781250e-01
5.870602130889892578e-01
6.224547624588012695e-01
6.558524966239929199e-01
6.679401397705078125e-01
6.791273355484008789e-01
6.892929077148437500e-01
6.982958316802978516e-01
6.752198338508605957e-01
6.511507034301757812e-01
6.261812448501586914e-01
6.004236936569213867e-01
6.230003237724304199e-01
6.440535783767700195e-01
6.634903550148010254e-01
6.812418699264526367e-01
6.582248806953430176e-01
6.339111328125000000e-01
6.083922982215881348e-01
5.817913413047790527e-01
5.769356489181518555e-01
5.719898343086242676e-01
5.669547915458679199e-01
5.618318915367126465e-01
5.062004923820495605e-01
4.744299650192260742e-01
4.865232706069946289e-01
5.212731957435607910e-01
5.604900717735290527e-01
5.983967781066894531e-01
6.344485282897949219e-01
6.681609749794006348e-01
6.770475506782531738e-01
6.852730512619018555e-01
6.927592754364013672e-01
6.994165182113647461e-01
6.818705201148986816e-01
6.636688709259033203e-01
6.448466181755065918e-01
6.254468560218811035e-01
6.426187157630920410e-01
6.585352420806884766e-01
6.731713414192199707e-01
6.865061521530151367e-01
6.685485243797302246e-01
6.497727036476135254e-01
6.302179098129272461e-01
6.099353432655334473e-01
6.017525196075439453e-01
5.933652520179748535e-01
5.847818255424499512e-01
5.760120749473571777e-01
5.224698185920715332e-01
5.009374618530273438e-01
5.302423238754272461e-01
5.706252455711364746e-01
6.093898415565490723e-01
6.459487080574035645e-01
6.797994375228881836e-01
6.856679916381835938e-01
6.910823583602905273e-01
6.959955096244812012e-01
7.003538608551025391e-01
6.882409453392028809e-01
6.756953597068786621e-01
6.627179980278015137e-01
6.493132710456848145e-01
6.614175438880920410e-01
6.724857687950134277e-01
6.825435161590576172e-01
6.916025876998901367e-01
6.784816384315490723e-01
6.649006605148315430e-01
6.508726477622985840e-01
6.364144086837768555e-01
6.254133582115173340e-01
6.139877438545227051e-01
6.021569967269897461e-01
5.899423360824584961e-01
5.385667681694030762e-01
4.846591651439666748e-01
4.910613000392913818e-01
5.151675343513488770e-01
5.390509366989135742e-01
5.805104970932006836e-01
6.200094223022460938e-01
6.569200754165649414e-01
6.907275915145874023e-01
6.937736868858337402e-01
6.965302228927612305e-01
6.989725828170776367e-01
7.010734081268310547e-01
6.943012475967407227e-01
6.871943473815917969e-01
6.797359585762023926e-01
6.719084382057189941e-01
6.793445944786071777e-01
6.858828663825988770e-01
6.915948390960693359e-01
6.965187788009643555e-01
6.880084276199340820e-01
6.792610883712768555e-01
6.702754497528076172e-01
6.610499620437622070e-01
6.477867364883422852e-01
6.337677836418151855e-01
6.190226674079895020e-01
6.035884022712707520e-01
5.544478297233581543e-01
5.026328563690185547e-01
4.728717207908630371e-01
4.915960431098937988e-01
5.104669928550720215e-01
5.291707515716552734e-01
5.476788282394409180e-01
5.901210308074951172e-01
6.302255392074584961e-01
6.673288941383361816e-01
7.009075284004211426e-01
7.013356089591979980e-01
7.015891671180725098e-01
7.016584873199462891e-01
7.015333771705627441e-01
7.000139951705932617e-01
6.981287002563476562e-01
6.958485841751098633e-01
6.931428313255310059e-01
6.963600516319274902e-01
6.987091898918151855e-01
7.003135085105895996e-01
7.012403607368469238e-01
6.971119046211242676e-01
6.928254365921020508e-01
6.883645057678222656e-01
6.837094426155090332e-01
6.687653660774230957e-01
6.526251435279846191e-01
6.353253722190856934e-01
6.169188022613525391e-01
5.700697302818298340e-01
5.204444527626037598e-01
4.762903153896331787e-01
4.978271722793579102e-01
5.086872577667236328e-01
5.193797349929809570e-01
5.299192070960998535e-01
5.403181910514831543e-01
5.789301395416259766e-01
6.156834959983825684e-01
6.500252485275268555e-01
6.814870238304138184e-01
6.850039958953857422e-01
6.883185505867004395e-01
6.914179325103759766e-01
6.942890882492065430e-01
6.959983706474304199e-01
6.972441077232360840e-01
6.979939341545104980e-01
6.982111930847167969e-01
6.986954212188720703e-01
6.987390518188476562e-01
6.983757615089416504e-01
6.976209282875061035e-01
6.936866044998168945e-01
6.895916461944580078e-01
6.853243112564086914e-01
6.808711886405944824e-01
6.643886566162109375e-01
6.466914415359497070e-01
6.278252601623535156e-01
6.078541278839111328e-01
5.586410760879516602e-01
5.068036317825317383e-01
4.794390797615051270e-01
4.876130819320678711e-01
5.229696035385131836e-01
5.256998538970947266e-01
5.282390713691711426e-01
5.306143760681152344e-01
5.328485965728759766e-01
5.675342679023742676e-01
6.007571220397949219e-01
6.320652961730957031e-01
6.610488295555114746e-01
6.679242849349975586e-01
6.745197176933288574e-01
6.808194518089294434e-01
6.868072152137756348e-01
6.918255090713500977e-01
6.962261199951171875e-01
6.999724507331848145e-01
7.030231952667236328e-01
7.009806036949157715e-01
6.987411975860595703e-01
6.963021159172058105e-01
6.936562657356262207e-01
6.899114251136779785e-01
6.859995722770690918e-01
6.819102168083190918e-01
6.776321530342102051e-01
6.596246361732482910e-01
6.403756141662597656e-01
6.199425458908081055e-01
5.984053611755371094e-01
5.468724370002746582e-01
4.929020702838897705e-01
4.822988212108612061e-01
5.029438138008117676e-01
5.478905439376831055e-01
5.425990819931030273e-01
5.370432734489440918e-01
5.312598347663879395e-01
5.252794623374938965e-01
5.559520721435546875e-01
5.854799747467041016e-01
6.134994626045227051e-01
6.396588683128356934e-01
6.501334905624389648e-01
6.602137088775634766e-01
6.698759198188781738e-01
6.790979504585266113e-01
6.875084042549133301e-01
6.950924396514892578e-01
7.018079161643981934e-01
7.076078653335571289e-01
7.032182216644287109e-01
6.987157464027404785e-01
6.940919756889343262e-01
6.893381476402282715e-01
6.857873201370239258e-01
6.820561289787292480e-01
6.781336069107055664e-01
6.740083694458007812e-01
6.544882655143737793e-01
6.336928606033325195e-01
6.116959452629089355e-01
5.885961651802062988e-01
5.347947478294372559e-01
4.787800908088684082e-01
4.848482906818389893e-01
5.181984901428222656e-01
5.724714398384094238e-01
5.593510270118713379e-01
5.457904338836669922e-01
5.318589806556701660e-01
5.176196098327636719e-01
5.442029237747192383e-01
5.698878765106201172e-01
5.943856239318847656e-01
6.173976063728332520e-01
6.316769123077392578e-01
6.454241871833801270e-01
6.586009263992309570e-01
6.711710095405578613e-01
6.830586791038513184e-01
6.938587427139282227e-01
7.035202980041503906e-01
7.119882106781005859e-01
7.054095268249511719e-01
6.986632943153381348e-01
6.917462944984436035e-01
6.846538782119750977e-01
6.813131570816040039e-01
6.777680516242980957e-01
6.740065813064575195e-01
6.700150966644287109e-01
6.489937901496887207e-01
6.266586184501647949e-01
6.031038165092468262e-01
5.784499645233154297e-01
5.224381089210510254e-01
4.778262078762054443e-01
5.212936401367187500e-01
5.686172246932983398e-01
5.602833628654479980e-01
5.515742897987365723e-01
5.425453782081604004e-01
5.332431197166442871e-01
5.548839569091796875e-01
5.757936239242553711e-01
5.957859158515930176e-01
6.146605014801025391e-01
6.317366957664489746e-01
6.481061577796936035e-01
6.637136936187744141e-01
6.785086393356323242e-01
6.878722906112670898e-01
6.964133381843566895e-01
7.041531801223754883e-01
7.111018300056457520e-01
7.040884494781494141e-01
6.969220042228698730e-01
6.896003484725952148e-01
6.821218132972717285e-01
6.761049628257751465e-01
6.699230670928955078e-01
6.635701060295104980e-01
6.570398807525634766e-01
6.315583586692810059e-01
6.042860746383666992e-01
5.754207372665405273e-01
5.452100038528442383e-01
4.968928098678588867e-01
4.704564213752746582e-01
4.832192361354827881e-01
5.243670940399169922e-01
5.647389292716979980e-01
5.612033605575561523e-01
5.573289990425109863e-01
5.531691312789916992e-01
5.487660169601440430e-01
5.654934644699096680e-01
5.816585421562194824e-01
5.971430540084838867e-01
6.118181347846984863e-01
6.317717432975769043e-01
6.507630348205566406e-01
6.687118411064147949e-01
6.855503320693969727e-01
6.925722956657409668e-01
6.988559961318969727e-01
7.045110464096069336e-01
7.096130251884460449e-01
7.021999359130859375e-01
6.946380734443664551e-01
6.869282126426696777e-01
6.790695786476135254e-01
6.704477667808532715e-01
6.616491675376892090e-01
6.526739001274108887e-01
6.435224413871765137e-01
6.132761240005493164e-01
5.807355642318725586e-01
5.462773442268371582e-01
5.103558301925659180e-01
4.932953417301177979e-01
5.274177789688110352e-01
5.608363747596740723e-01
5.621111989021301270e-01
5.630530714988708496e-01
5.637195706367492676e-01
5.641561150550842285e-01
5.760225057601928711e-01
5.874812006950378418e-01
5.984598994255065918e-01
6.088764071464538574e-01
6.317831873893737793e-01
6.533943414688110352e-01
6.735869646072387695e-01
6.922627687454223633e-01
6.971519589424133301e-01
7.011923193931579590e-01
7.046135663986206055e-01
7.075720429420471191e-01
6.997891664505004883e-01
6.918540000915527344e-01
6.837689876556396484e-01
6.755345463752746582e-01
6.643623709678649902e-01
6.529593467712402344e-01
6.413317322731018066e-01
6.294857263565063477e-01
5.942071080207824707e-01
5.561537742614746094e-01
5.159739255905151367e-01
4.755865335464477539e-01
5.033390522003173828e-01
5.304450988769531250e-01
5.569100975990295410e-01
5.630064010620117188e-01
5.687446594238281250e-01
5.741872191429138184e-01
5.793830156326293945e-01
5.864610671997070312e-01
5.932609438896179199e-01
5.997384190559387207e-01
6.058415174484252930e-01
6.317719221115112305e-01
6.559996008872985840e-01
6.783308982849121094e-01
6.986075043678283691e-01
7.016044259071350098e-01
7.034264802932739258e-01
7.044797539710998535e-01
7.050243020057678223e-01
6.968976259231567383e-01
6.886083483695983887e-01
6.801587343215942383e-01
6.715508699417114258e-01
6.578702926635742188e-01
6.438684463500976562e-01
6.295590400695800781e-01
6.149566173553466797e-01
5.744227766990661621e-01
5.307093858718872070e-01
4.848415851593017578e-01
4.788052737712860107e-01
5.057623982429504395e-01
5.321915745735168457e-01
5.580565333366394043e-01
5.661913752555847168e-01
5.739895105361938477e-01
5.815023183822631836e-01
5.887707471847534180e-01
5.964333415031433105e-01
6.038638353347778320e-01
6.110393404960632324e-01
6.179333925247192383e-01
6.407893896102905273e-01
6.621835827827453613e-01
6.819757223129272461e-01
7.000498771667480469e-01
7.051053047180175781e-01
7.095087170600891113e-01
7.134258151054382324e-01
7.169719338417053223e-01
7.046808004379272461e-01
6.920301914215087891e-01
6.790299415588378906e-01
6.656910181045532227e-01
6.608273386955261230e-01
6.557871103286743164e-01
6.505598425865173340e-01
6.451349258422851562e-01
6.044555306434631348e-01
5.599445700645446777e-01
5.125857591629028320e-01
4.820123612880706787e-01
5.081484317779541016e-01
5.338666439056396484e-01
5.590986013412475586e-01
5.693056583404541016e-01
5.791702270507812500e-01
5.887351632118225098e-01
5.980365276336669922e-01
6.062987446784973145e-01
6.143526434898376465e-01
6.221870779991149902e-01
6.297907233238220215e-01
6.495705842971801758e-01
6.680931448936462402e-01
6.852525472640991211e-01
7.009564638137817383e-01
7.084243297576904297e-01
7.154734134674072266e-01
7.221496701240539551e-01
7.284856438636779785e-01
7.122329473495483398e-01
6.953049898147583008e-01
6.777237057685852051e-01
6.595178246498107910e-01
6.636060476303100586e-01
6.673359870910644531e-01
6.706888079643249512e-01
6.736435294151306152e-01
6.333132386207580566e-01
5.884900689125061035e-01
5.400741100311279297e-01
4.892446100711822510e-01
4.852074086666107178e-01
5.104948878288269043e-01
5.354622006416320801e-01
5.600196123123168945e-01
5.723397135734558105e-01
5.842794775962829590e-01
5.958790779113769531e-01
6.071715354919433594e-01
6.160497069358825684e-01
6.247180700302124023e-01
6.331743001937866211e-01
6.414157152175903320e-01
6.581354141235351562e-01
6.737718582153320312e-01
6.882372498512268066e-01
7.014480829238891602e-01
7.115852832794189453e-01
7.213202118873596191e-01
7.306460738182067871e-01
7.395538091659545898e-01
7.195441126823425293e-01
6.984233856201171875e-01
6.762312054634094238e-01
6.530263423919677734e-01
6.661944985389709473e-01
6.784895062446594238e-01
6.898755431175231934e-01
7.003188133239746094e-01
6.608052849769592285e-01
6.161510348320007324e-01
5.671283602714538574e-01
5.148766636848449707e-01
4.962136447429656982e-01
4.774346053600311279e-01
4.883897900581359863e-01
5.127999782562255859e-01
5.369704961776733398e-01
5.607994198799133301e-01
5.752820372581481934e-01
5.893108248710632324e-01
6.029278039932250977e-01
6.161662936210632324e-01
6.256776452064514160e-01
6.349515914916992188e-01
6.439939737319946289e-01
6.528082489967346191e-01
6.665008068084716797e-01
6.792552471160888672e-01
6.909888386726379395e-01
7.016178369522094727e-01
7.146084308624267578e-01
7.270486354827880859e-01
7.389104366302490234e-01
7.501655220985412598e-01
7.266030311584472656e-01
7.013736963272094727e-01
6.745408177375793457e-01
6.462085247039794922e-01
6.685783863067626953e-01
6.892219185829162598e-01
7.080630064010620117e-01
7.250499129295349121e-01
6.867808103561401367e-01
6.427569389343261719e-01
5.935819745063781738e-01
5.403090715408325195e-01
5.223542451858520508e-01
5.041650533676147461e-01
4.857931137084960938e-01
4.677318036556243896e-01
4.713909327983856201e-01
4.746978282928466797e-01
5.001316666603088379e-01
5.254048705101013184e-01
5.503890514373779297e-01
5.749621391296386719e-01
5.911197066307067871e-01
6.068508028984069824e-01
6.221613287925720215e-01
6.370554566383361816e-01
6.348871588706970215e-01
6.325107812881469727e-01
6.299550533294677734e-01
6.272436976432800293e-01
6.500946879386901855e-01
6.713835000991821289e-01
6.909568309783935547e-01
7.086825966835021973e-01
7.208561897277832031e-01
7.325392961502075195e-01
7.437074184417724609e-01
7.543342709541320801e-01
7.342369556427001953e-01
7.129378914833068848e-01
6.904689669609069824e-01
6.668816804885864258e-01
6.812517046928405762e-01
6.947147846221923828e-01
7.072526216506958008e-01
7.188500165939331055e-01
6.860699653625488281e-01
6.492137908935546875e-01
6.086331009864807129e-01
5.649057626724243164e-01
5.424584746360778809e-01
5.196914672851562500e-01
4.967100024223327637e-01
4.650583863258361816e-01
4.801991283893585205e-01
4.824020266532897949e-01
4.839755594730377197e-01
4.849939644336700439e-01
4.855249822139739990e-01
5.118080973625183105e-01
5.378654003143310547e-01
5.635485053062438965e-01
5.887170433998107910e-01
6.064046621322631836e-01
6.236602067947387695e-01
6.404628157615661621e-01
6.567929983139038086e-01
6.436861753463745117e-01
6.299431324005126953e-01
6.156347393989562988e-01
6.008273363113403320e-01
6.332533955574035645e-01
6.633609533309936523e-01
6.908428072929382324e-01
7.154722213745117188e-01
7.268732190132141113e-01
7.378331422805786133e-01
7.483298182487487793e-01
7.583398222923278809e-01
7.416547536849975586e-01
7.241019606590270996e-01
7.056924104690551758e-01
6.864455938339233398e-01
6.934551596641540527e-01
7.001070380210876465e-01
7.064040899276733398e-01
7.123461961746215820e-01
6.853207349777221680e-01
6.556033492088317871e-01
6.233803629875183105e-01
5.889348983764648438e-01
5.623083710670471191e-01
5.351197123527526855e-01
5.075417160987854004e-01
4.797577261924743652e-01
4.758671820163726807e-01
5.009600520133972168e-01
5.009783506393432617e-01
5.001381635665893555e-01
4.985500276088714600e-01
4.963150620460510254e-01
5.234019756317138672e-01
5.501585006713867188e-01
5.764170885086059570e-01
6.020216941833496094e-01
6.210789680480957031e-01
6.396608948707580566e-01
6.577258706092834473e-01
6.752390861511230469e-01
6.520219445228576660e-01
6.272268295288085938e-01
6.010466217994689941e-01
5.736953616142272949e-01
6.160073280334472656e-01
6.551840901374816895e-01
6.906369924545288086e-01
7.219740748405456543e-01
7.326461076736450195e-01
7.429145574569702148e-01
7.527598142623901367e-01
7.621613144874572754e-01
7.488517165184020996e-01
7.348616719245910645e-01
7.201931476593017578e-01
7.048496007919311523e-01
7.051777243614196777e-01
7.053983807563781738e-01
7.055180072784423828e-01
7.055414915084838867e-01
6.845337748527526855e-01
6.619244813919067383e-01
6.377992033958435059e-01
6.122770905494689941e-01
5.818368196487426758e-01
5.504167675971984863e-01
5.182790756225585938e-01
4.857113063335418701e-01
4.865967333316802979e-01
5.213615894317626953e-01
5.193379521369934082e-01
5.161767005920410156e-01
5.120351314544677734e-01
5.070556998252868652e-01
5.348963141441345215e-01
5.622615218162536621e-01
5.889645814895629883e-01
6.148359179496765137e-01
6.350905299186706543e-01
6.547787785530090332e-01
6.738482713699340820e-01
6.922548413276672363e-01
6.598343253135681152e-01
6.243347525596618652e-01
5.862033367156982422e-01
5.460019111633300781e-01
5.983887314796447754e-01
6.468490958213806152e-01
6.903281807899475098e-01
7.281748652458190918e-01
7.381605505943298340e-01
7.477661371231079102e-01
7.569760680198669434e-01
7.657729983329772949e-01
7.558240890502929688e-01
7.452155947685241699e-01
7.339596748352050781e-01
7.220600247383117676e-01
7.164120078086853027e-01
7.105884552001953125e-01
7.045958638191223145e-01
6.984398365020751953e-01
6.837101578712463379e-01
6.681753993034362793e-01
6.518670320510864258e-01
6.348260045051574707e-01
6.009806990623474121e-01
5.655511617660522461e-01
5.289130806922912598e-01
4.914999008178710938e-01
4.699837565422058105e-01
5.040273666381835938e-01
5.059754252433776855e-01
5.073459148406982422e-01
5.082052350044250488e-01
5.086144208908081055e-01
5.325745344161987305e-01
5.562086701393127441e-01
5.794000625610351562e-01
6.020403504371643066e-01
6.230004429817199707e-01
6.434153318405151367e-01
6.632251739501953125e-01
6.823797821998596191e-01
6.514426469802856445e-01
6.177816987037658691e-01
5.817950963973999023e-01
5.439690947532653809e-01
5.924685001373291016e-01
6.376603841781616211e-01
6.786459088325500488e-01
7.148170471191406250e-01
7.197822928428649902e-01
7.245749235153198242e-01
7.291822433471679688e-01
7.335885763168334961e-01
7.300101518630981445e-01
7.259611487388610840e-01
7.214775681495666504e-01
7.165763378143310547e-01
7.093320488929748535e-01
7.018511295318603516e-01
6.941384673118591309e-01
6.861994862556457520e-01
6.710993647575378418e-01
6.552127599716186523e-01
6.385771036148071289e-01
6.212368011474609375e-01
5.896962881088256836e-01
5.570344328880310059e-01
5.235387682914733887e-01
4.895306825637817383e-01
4.853223264217376709e-01
4.919488728046417236e-01
4.982521533966064453e-01
5.042666196823120117e-01
5.100238919258117676e-01
5.301563143730163574e-01
5.500819087028503418e-01
5.697323083877563477e-01
5.890448093414306641e-01
6.107026338577270508e-01
6.318324804306030273e-01
6.523680686950683594e-01
6.722522377967834473e-01
6.429293155670166016e-01
6.111769080162048340e-01
5.773537158966064453e-01
5.418873429298400879e-01
5.864783525466918945e-01
6.283136010169982910e-01
6.666386127471923828e-01
7.009007930755615234e-01
7.004284858703613281e-01
6.998515129089355469e-01
6.991595029830932617e-01
6.983385682106018066e-01
7.022476792335510254e-01
7.056081891059875488e-01
7.084833383560180664e-01
7.109121084213256836e-01
7.020323872566223145e-01
6.928241252899169922e-01
6.832954287528991699e-01
6.734535694122314453e-01
6.580020189285278320e-01
6.417806148529052734e-01
6.248327493667602539e-01
6.072087883949279785e-01
5.782136321067810059e-01
5.484551191329956055e-01
5.181452035903930664e-01
4.875124692916870117e-01
4.656503796577453613e-01
4.774091541767120361e-01
4.889296591281890869e-01
5.002160668373107910e-01
5.112719535827636719e-01
5.276365280151367188e-01
5.438802838325500488e-01
5.599679946899414062e-01
5.758668780326843262e-01
5.982113480567932129e-01
6.200418472290039062e-01
6.412861347198486328e-01
6.618822216987609863e-01
6.342994570732116699e-01
6.045222282409667969e-01
5.728806257247924805e-01
5.397549271583557129e-01
5.804207921028137207e-01
6.188160181045532227e-01
6.543180346488952637e-01
6.864359974861145020e-01
6.801263093948364258e-01
6.736565232276916504e-01
6.670187711715698242e-01
6.602043509483337402e-01
6.726206541061401367e-01
6.841873526573181152e-01
6.949862837791442871e-01
7.050721645355224609e-01
6.945162415504455566e-01
6.835122108459472656e-01
6.720743775367736816e-01
6.602179408073425293e-01
6.444362998008728027e-01
6.279004812240600586e-01
6.106600761413574219e-01
5.927717089653015137e-01
5.665479898452758789e-01
5.398194789886474609e-01
5.127334594726562500e-01
4.854429066181182861e-01
4.794103801250457764e-01
4.960508048534393311e-01
5.123466253280639648e-01
5.250091552734375000e-01
5.376031398773193359e-01
5.501136779785156250e-01
5.625260472297668457e-01
5.855423212051391602e-01
6.080557703971862793e-01
6.299904584884643555e-01
6.512807607650756836e-01
6.255583167076110840e-01
5.978194475173950195e-01
5.683749914169311523e-01
5.375701189041137695e-01
5.742973685264587402e-01
6.091749668121337891e-01
6.416969299316406250e-01
6.714364886283874512e-01
6.589180231094360352e-01
6.460854411125183105e-01
6.329454779624938965e-01
6.195067763328552246e-01
6.412684321403503418e-01
6.617466807365417480e-01
6.809989213943481445e-01
6.990612745285034180e-01
6.867868900299072266e-01
6.739196181297302246e-01
6.604849696159362793e-01
6.465111970901489258e-01
6.304246187210083008e-01
6.135973930358886719e-01
5.960876941680908203e-01
5.779590606689453125e-01
5.547154545783996582e-01
5.311337113380432129e-01
5.073044300079345703e-01
4.833199381828308105e-01
4.687976539134979248e-01
4.842858612537384033e-01
4.995933175086975098e-01
5.146980285644531250e-01
5.245757699012756348e-01
5.344197750091552734e-01
5.442230105400085449e-01
5.539787411689758301e-01
5.743833780288696289e-01
5.944512486457824707e-01
6.141269803047180176e-01
6.333603858947753906e-01
6.175802350044250488e-01
6.009636521339416504e-01
5.836044549942016602e-01
5.655987262725830078e-01
5.896871089935302734e-01
6.127660870552062988e-01
6.346758008003234863e-01
6.552712917327880859e-01
6.445148587226867676e-01
6.335653662681579590e-01
6.224285960197448730e-01
6.111078858375549316e-01
6.313534379005432129e-01
6.504489183425903320e-01
6.684551239013671875e-01
6.854068636894226074e-01
6.725097298622131348e-01
6.589425802230834961e-01
6.447427868843078613e-01
6.299499273300170898e-01
6.142857074737548828e-01
5.981309413909912109e-01
5.815296769142150879e-01
5.645290017127990723e-01
5.427665710449218750e-01
5.207694768905639648e-01
4.986165463924407959e-01
4.763868153095245361e-01
4.750964045524597168e-01
4.891340732574462891e-01
5.029979944229125977e-01
5.166807174682617188e-01
5.238171815872192383e-01
5.309377312660217285e-01
5.380400419235229492e-01
5.451220273971557617e-01
5.628655552864074707e-01
5.803823471069335938e-01
5.976359844207763672e-01
6.145920157432556152e-01
6.094400882720947266e-01
6.040676832199096680e-01
5.984932184219360352e-01
5.927341580390930176e-01
6.046977043151855469e-01
6.162880063056945801e-01
6.274757981300354004e-01
6.382322907447814941e-01
6.295109987258911133e-01
6.206595897674560547e-01
6.116791963577270508e-01
6.025701165199279785e-01
6.212422847747802734e-01
6.388781070709228516e-01
6.555402278900146484e-01
6.712631583213806152e-01
6.576639413833618164e-01
6.432740092277526855e-01
6.281485557556152344e-01
6.123455166816711426e-01
5.974394679069519043e-01
5.822013020515441895e-01
5.666676759719848633e-01
5.508764386177062988e-01
5.306608676910400391e-01
5.102897882461547852e-01
4.898296892642974854e-01
4.685520529747009277e-01
4.813802242279052734e-01
4.939546883106231689e-01
5.062806606292724609e-01
5.183632373809814453e-01
5.227903723716735840e-01
5.272046327590942383e-01
5.316059589385986328e-01
5.359934568405151367e-01
5.510251522064208984e-01
5.658912658691406250e-01
5.805718302726745605e-01
5.950483679771423340e-01
6.011453270912170410e-01
6.071292161941528320e-01
6.130007505416870117e-01
6.187586188316345215e-01
6.192861795425415039e-01
6.197354793548583984e-01
6.201013922691345215e-01
6.203793287277221680e-01
6.139438152313232422e-01
6.073887348175048828e-01
6.007087230682373047e-01
5.939000248908996582e-01
6.109445691108703613e-01
6.270455121994018555e-01
6.422679424285888672e-01
6.566460728645324707e-01
6.422716379165649414e-01
6.269474029541015625e-01
6.107579469680786133e-01
5.937903523445129395e-01
5.799481868743896484e-01
5.658537149429321289e-01
5.515363812446594238e-01
5.370249748229980469e-01
5.184163451194763184e-01
4.997088313102722168e-01
4.809553325176239014e-01
4.761157929897308350e-01
4.876466393470764160e-01
4.987474679946899414e-01
5.094543695449829102e-01
5.197998881340026855e-01
5.215420722961425781e-01
5.232604742050170898e-01
5.249555706977844238e-01
5.266280174255371094e-01
5.388977527618408203e-01
5.510216355323791504e-01
5.629948377609252930e-01
5.748116374015808105e-01
5.927037000656127930e-01
6.101462841033935547e-01
6.270866990089416504e-01
6.434774994850158691e-01
6.334102749824523926e-01
6.231023669242858887e-01
6.125571727752685547e-01
6.017796993255615234e-01
5.978542566299438477e-01
5.937750339508056641e-01
5.895297527313232422e-01
5.851044654846191406e-01
6.004688143730163574e-01
6.149634718894958496e-01
6.286548376083374023e-01
6.415759325027465820e-01
6.263598799705505371e-01
6.100025177001953125e-01
5.926354527473449707e-01
5.743876695632934570e-01
5.618802905082702637e-01
5.491375327110290527e-01
5.361726880073547363e-01
5.229998826980590820e-01
5.060526132583618164e-01
4.890400767326354980e-01
4.743734598159790039e-01
4.854142963886260986e-01
4.961967170238494873e-01
4.998124539852142334e-01
5.034185647964477539e-01
5.070146322250366211e-01
5.106002688407897949e-01
5.260103940963745117e-01
5.413375496864318848e-01
5.565541982650756836e-01
5.716354846954345703e-01
5.904675722122192383e-01
6.089080572128295898e-01
6.269067525863647461e-01
6.444179415702819824e-01
6.381519436836242676e-01
6.317616105079650879e-01
6.252442002296447754e-01
6.185959577560424805e-01
6.069384813308715820e-01
5.951094627380371094e-01
5.831196308135986328e-01
5.709809660911560059e-01
5.837893486022949219e-01
5.960032939910888672e-01
6.076876521110534668e-01
6.188817024230957031e-01
6.032177209854125977e-01
5.867921710014343262e-01
5.697029829025268555e-01
5.520454049110412598e-01
5.462067723274230957e-01
5.402316451072692871e-01
5.341153740882873535e-01
5.278524756431579590e-01
5.106608867645263672e-01
4.933690428733825684e-01
4.777260720729827881e-01
4.832597374916076660e-01
4.887901246547698975e-01
4.943161308765411377e-01
5.129625797271728516e-01
5.315483212471008301e-01
5.500217080116271973e-01
5.683317780494689941e-01
5.881521105766296387e-01
6.075952649116516113e-01
6.266090273857116699e-01
6.451459527015686035e-01
6.427435874938964844e-01
6.402202248573303223e-01
6.375668644905090332e-01
6.347728371620178223e-01
6.157466173171997070e-01
5.962929725646972656e-01
5.764682292938232422e-01
5.563331246376037598e-01
5.664150714874267578e-01
5.760853290557861328e-01
5.854041576385498047e-01
5.944122672080993652e-01
5.788655281066894531e-01
5.628003478050231934e-01
5.462858676910400391e-01
5.293899774551391602e-01
5.303732156753540039e-01
5.312500596046447754e-01
5.320111513137817383e-01
5.326477289199829102e-01
5.152417421340942383e-01
4.976875185966491699e-01
4.800387918949127197e-01
4.778367280960083008e-01
4.997830688953399658e-01
5.216649770736694336e-01
5.433949232101440430e-01
5.648876428604125977e-01
5.857537984848022461e-01
6.062104105949401855e-01
6.262032985687255859e-01
6.456835269927978516e-01
6.471996307373046875e-01
6.484884619712829590e-01
6.495257019996643066e-01
6.502839326858520508e-01
6.242884993553161621e-01
5.973445177078247070e-01
5.695999860763549805e-01
5.412234067916870117e-01
5.484272241592407227e-01
5.553244352340698242e-01
5.619685053825378418e-01
5.683982372283935547e-01
5.534721016883850098e-01
5.381590723991394043e-01
5.224962234497070312e-01
5.065178275108337402e-01
5.144116282463073730e-01
5.221965312957763672e-01
5.298579335212707520e-01
5.373808741569519043e-01
5.197934508323669434e-01
5.019946694374084473e-01
4.840492010116577148e-01
4.865004420280456543e-01
5.116977691650390625e-01
5.366727709770202637e-01
5.612882375717163086e-01
5.832689404487609863e-01
6.047559380531311035e-01
6.256981492042541504e-01
6.460506916046142578e-01
6.515333652496337891e-01
6.565755009651184082e-01
6.611208915710449219e-01
6.651065349578857422e-01
6.325729489326477051e-01
5.982813835144042969e-01
5.625380277633666992e-01
5.257149934768676758e-01
5.299119353294372559e-01
5.338453650474548340e-01
5.375623703002929688e-01
5.410989522933959961e-01
5.272271037101745605e-01
5.130143761634826660e-01
4.984538257122039795e-01
4.835296869277954102e-01
4.983552098274230957e-01
5.130756497383117676e-01
5.276527404785156250e-01
5.420472621917724609e-01
5.243128538131713867e-01
5.062901973724365234e-01
4.880551099777221680e-01
4.848394989967346191e-01
5.197704434394836426e-01
5.541629195213317871e-01
5.701488852500915527e-01
5.857869982719421387e-01
6.010766625404357910e-01
6.160161495208740234e-01
6.206041574478149414e-01
6.248665452003479004e-01
6.287625432014465332e-01
6.322464346885681152e-01
6.027095317840576172e-01
5.720419883728027344e-01
5.404772162437438965e-01
5.082808136940002441e-01
5.149940848350524902e-01
5.215970277786254883e-01
5.280956029891967773e-01
5.344943404197692871e-01
5.189032554626464844e-01
5.030410885810852051e-01
4.869305789470672607e-01
4.843201935291290283e-01
4.886889755725860596e-01
4.819860458374023438e-01
5.027589201927185059e-01
5.469187498092651367e-01
5.568449497222900391e-01
5.664542317390441895e-01
5.757750272750854492e-01
5.848312973976135254e-01
5.883757472038269043e-01
5.916826725006103516e-01
5.947228670120239258e-01
5.974650979042053223e-01
5.715378522872924805e-01
5.449583530426025391e-01
5.178872346878051758e-01
4.904980957508087158e-01
4.999033212661743164e-01
5.092660784721374512e-01
5.185774564743041992e-01
5.278279781341552734e-01
5.105482339859008789e-01
4.930533468723297119e-01
4.856757223606109619e-01
5.395453572273254395e-01
5.433716177940368652e-01
5.468195080757141113e-01
5.499339103698730469e-01
5.527566671371459961e-01
5.551273822784423828e-01
5.573206543922424316e-01
5.593172907829284668e-01
5.610955953598022461e-01
5.393293499946594238e-01
5.172389745712280273e-01
4.949233531951904297e-01
4.846890270709991455e-01
4.968715608119964600e-01
5.090145468711853027e-01
5.210997462272644043e-01
5.021667480468750000e-01
4.830582141876220703e-01
5.320292115211486816e-01
5.297436714172363281e-01
5.269461870193481445e-01
5.237040519714355469e-01
5.200765728950500488e-01
5.211707353591918945e-01
5.221222639083862305e-01
5.229188799858093262e-01
5.235461592674255371e-01
5.063901543617248535e-01
4.891015291213989258e-01
4.844319820404052734e-01
4.994145035743713379e-01
5.143072009086608887e-01
4.937626123428344727e-01
5.132926702499389648e-01
5.151095390319824219e-01
5.166647434234619141e-01
5.179840326309204102e-01
5.190923213958740234e-01
5.221457481384277344e-01
5.250605344772338867e-01
5.278261899948120117e-01
5.304313898086547852e-01
5.103282332420349121e-01
4.900599122047424316e-01
4.969051778316497803e-01
5.126353502273559570e-01
4.940452277660369873e-01
4.941786527633666992e-01
5.002901554107666016e-01
5.062988400459289551e-01
5.122102499008178711e-01
5.180290937423706055e-01
5.230646729469299316e-01
5.279563069343566895e-01
5.326910018920898438e-01
5.372563600540161133e-01
5.142347812652587891e-01
4.909992516040802002e-01
4.943802654743194580e-01
5.109431147575378418e-01
4.942816793918609619e-01
4.853240251541137695e-01
4.958620071411132812e-01
5.063824653625488281e-01
5.168763995170593262e-01
5.239225029945373535e-01
5.308066606521606445e-01
5.375109314918518066e-01
5.440163016319274902e-01
5.181074142456054688e-01
4.919181466102600098e-01
4.918389022350311279e-01
5.092292428016662598e-01
4.944698214530944824e-01
4.796324074268341064e-01
4.853666424751281738e-01
5.004997849464416504e-01
5.156220197677612305e-01
5.247132182121276855e-01
5.336086750030517578e-01
5.422822237014770508e-01
5.507067441940307617e-01
5.219435691833496094e-01
4.928152263164520264e-01
4.892797470092773438e-01
5.074930787086486816e-01
4.946064651012420654e-01
4.816150963306427002e-01
4.822287261486053467e-01
4.837240278720855713e-01
5.009288191795349121e-01
5.117931365966796875e-01
5.225299596786499023e-01
5.331192612648010254e-01
5.435412526130676270e-01
5.169385671615600586e-01
4.901085197925567627e-01
4.912257194519042969e-01
5.093495845794677734e-01
4.961580932140350342e-01
4.828754067420959473e-01
4.748383462429046631e-01
4.765335619449615479e-01
4.861973226070404053e-01
4.988111257553100586e-01
5.113512873649597168e-01
5.237989425659179688e-01
5.361346006393432617e-01
5.118220448493957520e-01
4.873627126216888428e-01
4.931336641311645508e-01
5.111577510833740234e-01
4.976504445075988770e-01
4.840485453605651855e-01
4.800506234169006348e-01
4.915092587471008301e-01
5.029339790344238281e-01
4.826219379901885986e-01
4.857869148254394531e-01
5.000895857810974121e-01
5.143395066261291504e-01
5.285131931304931641e-01
5.066034197807312012e-01
4.845795929431915283e-01
4.950019419193267822e-01
5.129154324531555176e-01
4.990774691104888916e-01
4.851206541061401367e-01
4.867565631866455078e-01
5.077695250511169434e-01
5.285780429840087891e-01
5.038713812828063965e-01
4.787808656692504883e-01
4.887610077857971191e-01
5.047582983970642090e-01
5.207009911537170410e-01
5.012912750244140625e-01
4.817608296871185303e-01
4.788469374179840088e-01
4.968281388282775879e-01
5.146193504333496094e-01
5.004327893257141113e-01
4.860756397247314453e-01
4.932223558425903320e-01
5.235277414321899414e-01
5.532189011573791504e-01
5.246390700340270996e-01
4.952540993690490723e-01
4.866036772727966309e-01
4.966048002243041992e-01
4.954876303672790527e-01
4.801382124423980713e-01
4.893418848514556885e-01
5.119678378105163574e-01
5.341987609863281250e-01
5.155192017555236816e-01
4.962331652641296387e-01
4.764587581157684326e-01
4.701365232467651367e-01
4.853652715682983398e-01
5.003570914268493652e-01
5.150532126426696777e-01
5.063759684562683105e-01
4.971939027309417725e-01
4.875677227973937988e-01
4.775550961494445801e-01
4.736069142818450928e-01
4.812824726104736328e-01
4.887055456638336182e-01
4.958377480506896973e-01
4.972151219844818115e-01
4.981358647346496582e-01
4.986520409584045410e-01
4.988085627555847168e-01
4.820411205291748047e-01
4.762629568576812744e-01
4.768186211585998535e-01
4.770818352699279785e-01
4.770236611366271973e-01
4.766095876693725586e-01
4.880425930023193359e-01
4.990588724613189697e-01
5.096987485885620117e-01
5.199982523918151855e-01
5.014293789863586426e-01
4.827795326709747314e-01
4.683586657047271729e-01
4.778327345848083496e-01
4.869257509708404541e-01
4.956750571727752686e-01
4.831508994102478027e-01
4.922431111335754395e-01
4.864446222782135010e-01
4.804532229900360107e-01
4.742937684059143066e-01
4.841697812080383301e-01
4.608613252639770508e-01
4.679888188838958740e-01
4.750306606292724609e-01
5.283124446868896484e-01
4.980332255363464355e-01
4.673830866813659668e-01
4.831725358963012695e-01
5.348342657089233398e-01
5.010724067687988281e-01
4.668355286121368408e-01
4.324914515018463135e-01
4.902272820472717285e-01
5.396760106086730957e-01
5.027492046356201172e-01
4.651547372341156006e-01
4.273985028266906738e-01
4.449608325958251953e-01
4.960693120956420898e-01
5.426702499389648438e-01
5.029420256614685059e-01
4.622501432895660400e-01
4.212642908096313477e-01
4.516376554965972900e-01
5.005735754966735840e-01
5.436572432518005371e-01
5.015364289283752441e-01
4.580378830432891846e-01
4.140264093875885010e-01
4.715432226657867432e-01
5.061689019203186035e-01
4.606149196624755859e-01
4.142230749130249023e-01
4.424988329410552979e-01
4.680730700492858887e-01
4.191337227821350098e-01
4.298488795757293701e-01
3.922140300273895264e-01
3.897233605384826660e-01
4.021951556205749512e-01
3.991842567920684814e-01
3.925717175006866455e-01
4.117123484611511230e-01
4.043052494525909424e-01
3.942634761333465576e-01
3.813620507717132568e-01
4.340451955795288086e-01
4.210951030254364014e-01
4.062255024909973145e-01
3.892859816551208496e-01
3.701888918876647949e-01
4.506022036075592041e-01
4.300481081008911133e-01
4.079332947731018066e-01
3.842510581016540527e-01
4.269696772098541260e-01
4.661869704723358154e-01
4.384789168834686279e-01
4.094038307666778564e-01
3.791577517986297607e-01
4.458039104938507080e-01
4.175124168395996094e-01
4.254319071769714355e-01
4.889252781867980957e-01
4.827246665954589844e-01
4.763183891773223877e-01
4.696787595748901367e-01
4.627739489078521729e-01
4.752390086650848389e-01
4.702819287776947021e-01
4.650888442993164062e-01
4.596278667449951172e-01
4.538623690605163574e-01
4.615215659141540527e-01
